7272
7273
7274
7275
7276
7277
7278
7280
7283
7284
7286
7287
7288
7289
7290
7291
7292
7293
7294
7295
7296
7297
7298
7299
7301
7305
7306
7307
7311
7314
7316
7317
7318
7319
7320
7321
7322
7323
7324
7325
7326
7327
7328
7329
7332
7334
7335
7336
7337
7341
7342
7343
7345
7347
7348
7349
7350
7351
7352
7353
7355
7356
7357
7358
7360
7363
7366
7367
7368
7369
7371
7372
7373
7374
7375
7376
7378
7379
7380
7381
7384
7385
7386
7388
7389
7390
7391
7392
7398
7399
7401
7402
7403
7404
7405
7407
7408
7409
7410
7411
7412
7414
7415
7416
7417
7419
7421
7422
7423
7424
7425
7428
7429
7430
7431
7432
7433
7434
7436
7439
7441
7442
7443
7444
7447
7448
7450
7453
7454
7455
7456
7458
7461
7462
7464
7465
7466
7468
7469
7471
7472
7473
7474
7475
7476
7477
7478
7479
7480
7481
7482
7483
7484
7485
7486
7490
7494
7498
7499
7504
7507
7508
7511
7512
7514
7515
7516
7517
7518
7520
7525
7528
7529
7531
7532
7533
7534
7535
7536
7538
7539
7541
7542
7543
7544
7545
7546
7547
7549
7551
7552
7553
7554
7555
7556
7559
7561
7562
7564
7565
7566
7567
7568
7569
7570
7571
7572
7574
7576
7579
7580
7582
7584
7586
7587
7589
7592
7593
7594
7596
7597
7617
7620
7621
7625
7626
7627
7629
7633
7634
7637
7638
7639
7643
7644
7673
7675
7678
7681
7690
7691
7692
7693
7694
7695
7697
7699
7700
7701
7702
7703
7704
7705
7706
7707
7709
7710
7711
7712
7716
7718
7726
7727
7728
7730
7732
7733
7737
7738
7739
7741
7743
7745
7746
7748
7750
7752
7753
7755
7756
7757
7760
7761
7762
7763
7764
7766
7767
7768
7769
7770
7771
7772
7773
7775
7776
7779
7780
7781
7782
7783
7784
7786
7789
7791
7798
7799
7802
7803
7804
7805
7809
7812
7813
7818
7827
7832
7837
7840
7841
7844
7846
7849
7850
7851
7852
7855
7857
7862
7866
7867
7869
7871
7873
7874
7879
7881
7884
7903
7905
7913
7915
7916
7917
7918
7919
7920
7922
7923
7932
7936
7940
7941
7942
7957
7965
7975
7976
7978
7979
7980
7982
7984
7988
7991
7993
7994
8000
8001
8013
8019
8021
8022
8027
8028
8029
8030
8031
8034
8036
8038
8045
8048
8050
8061
8065
8073
8074
8076
8078
8079
8082
8085
8086
8087
8089
8091
8092
8099
8100
8106
8110
8111
8115
8120
8125
8128
8131
8139
8140
8148
8153
8161
8165
8170
8174
8175
8178
8187
8189
8190
8192
8193
8195
8200
8202
8204
8208
8209
8214
8216
8218
8220
8224
8225
8226
8227
8228
8233
8237
8239
8241
8242
8243
8260
8263
8266
8269
8270
8273
8277
8284
8287
8288
8289
8290
8291
8292
8293
8294
8295
8301
8302
8303
8309
8310
8312
8313
8314
8315
8317
8318
8320
8321
8322
8323
8324
8325
8326
8328
8329
8330
8331
8332
8334
8335
8336
8337
8338
