388327
388333
388335
388336
388341
388364
388381
388389
388394
388403
388419
388428
388512
388523
388524
388531
388533
388536
388551
388552
388553
388555
388558
388559
388561
388564
388566
388567
388569
388581
388585
388588
388591
388595
388610
388611
388630
388633
388646
388649
388650
388662
388695
388697
388698
388701
388722
388730
388743
388753
388761
388789
388795
388799
388818
388820
388849
388886
388931
388939
388946
388951
388960
388962
388963
388969
389015
389058
389072
389073
389075
389084
389090
389114
389118
389119
389123
389124
389125
389136
389151
389152
389158
389161
389170
389177
389197
389203
389206
389207
389208
389257
389289
389320
389332
389333
389336
389337
389362
389376
389383
389384
389396
389400
389421
389432
389434
389493
389524
389541
389549
389558
389610
389643
389658
389668
389677
389690
389692
389763
389766
389792
389799
389812
389813
389816
389827
389840
389852
389856
389857
389860
389874
389895
389941
390010
390036
390037
390038
390054
390058
390059
390061
390063
390064
390066
390067
390072
390073
390075
390077
390078
390079
390081
390082
390083
390084
390093
390110
390113
390142
390144
390148
390151
390152
390154
390155
390157
390162
390167
390168
390174
390181
390190
390191
390195
390197
390199
390201
390205
390212
390231
390243
390245
390259
390260
390261
390264
390265
390271
390275
390313
390321
390323
390327
390429
390431
390432
390433
390436
390437
390439
390441
390442
390443
390445
390594
390595
390598
390616
390637
390648
390649
390664
390667
390748
390790
390792
390874
390882
390883
390892
390916
390927
390928
390937
390940
390980
390992
390999
391002
391004
391013
391059
391104
391107
391109
391112
391114
391121
391123
391189
391190
391191
391192
391196
391211
391253
391356
391365
391475
391712
391714
391723
391742
391769
392133
392138
392188
392255
392307
392309
392376
392390
392391
392392
392399
392433
392465
392509
392517
392617
392636
392843
392862
393046
394263
399473
399474
399512
399664
399665
399668
399671
399687
399693
399694
399697
399814
399818
399823
399888
399909
399947
399949
399967
399968
399979
400073
400120
400224
400258
400451
400499
400506
400566
400569
400581
400629
400668
400673
400709
400713
400720
400745
400746
400757
400793
400797
400818
400823
400830
400831
400891
400916
400935
400954
400961
400986
401024
401027
401036
401067
401081
401089
401097
401115
401124
401137
401138
401145
401152
401190
401207
401236
401250
401251
401258
401262
401265
401387
401397
401399
401409
401427
401466
401474
401494
401498
401505
401541
401546
401548
401551
401562
401565
401612
401613
401647
401661
401665
401666
401720
401934
401944
401992
401994
402055
402117
402135
402160
402317
402381
402415
402569
402573
402635
402665
402682
402778
403239
403244
403253
403257
403273
403274
403277
403278
403282
403313
403314
403341
404037
404093
404203
404217
404281
404550
404552
404636
404672
404734
405753
405754
407738
407977
408050
408187
408263
414059
414062
414149
414152
414157
414189
414301
414325
414328
414332
414899
414918
414919
415116
415117
425054
431704
431705
431707
432355
439915
439921
439996
440021
440023
440026
440050
440051
440073
440077
440087
440093
440097
440107
440138
440145
440163
440184
440193
440243
440275
440279
440295
440307
440335
440345
440387
440400
440435
440498
440503
440515
440519
440567
440574
440585
440590
440603
440686
440689
440695
440699
440712
440730
440738
440804
440822
440829
440836
440854
