9025
9026
9027
9028
9031
9032
9033
9034
9037
9038
9039
9040
9043
9044
9045
9046
9047
9048
9049
9050
9051
9052
9053
9054
9055
9056
9057
9058
9060
9061
9063
9064
9066
9068
9069
9070
9071
9073
9074
9075
9076
9077
9079
9080
9086
9087
9088
9091
9092
9093
9094
9095
9096
9097
9098
9099
9100
9101
9104
9107
9108
9110
9111
9112
9113
9114
9117
9118
9119
9120
9121
9122
9123
9124
9125
9126
9127
9128
9129
9130
9131
9132
9133
9134
9135
9136
9138
9139
9140
9141
9143
9144
9145
9146
9147
9148
9149
9150
9152
9153
9154
9156
9158
9159
9162
9166
9167
9168
9169
9170
9172
9173
9175
9177
9179
9180
9181
9182
9183
9184
9185
9187
9188
9189
9191
9194
9196
9197
9200
9201
9202
9203
9204
9205
9208
9209
9210
9211
9212
9213
9214
9215
9217
9218
9219
9221
9223
9227
9228
9229
9230
9231
9232
9235
9236
9238
9240
9241
9242
9244
9245
9246
9247
9248
9249
9252
9253
9254
9255
9256
9258
9260
9261
9262
9263
9265
9266
9267
9270
9271
9274
9275
9276
9277
9278
9282
9283
9287
9289
9290
9293
9294
9295
9296
9306
9308
9310
9311
9312
9313
9314
9315
9317
9318
9319
9320
9321
9322
9324
9325
9326
9328
9329
9330
9331
9332
9333
9334
9337
9338
9340
9341
9342
9343
9344
9348
9349
9350
9351
9352
9353
9354
9355
9356
9358
9360
9361
9362
9363
9364
9365
9367
9368
9369
9370
9371
9372
9373
9374
9375
9376
9377
9378
9379
9380
9381
9382
9388
9389
9390
9391
9392
9394
9397
9398
9399
9400
9401
9402
9403
9404
9406
9407
9409
9410
9411
9412
9413
9414
9415
9416
9419
9420
9421
9422
9423
9424
9425
9427
9429
9435
9436
9437
9439
9440
9441
9442
9443
9444
9445
9446
9447
9448
9450
9451
9452
9453
9454
9455
9456
9457
9459
9462
9463
9464
9465
9466
9467
9468
9469
9470
9472
9473
9474
9475
9476
9477
9478
9479
9480
9481
9482
9486
9487
9488
9489
9491
9493
9495
9496
9497
9498
9499
9500
9501
9502
9506
9507
9508
9509
9510
9512
9513
9514
9515
9516
9517
9518
9519
9520
9521
9522
9524
9525
9526
9527
9528
9529
9530
9531
9532
9533
9534
9535
9536
9537
9538
9540
9541
9542
9543
9545
9546
9547
9550
9551
9552
9553
9554
9555
9556
9557
9559
9560
9562
9563
9564
9567
9568
9569
9570
9572
9573
9575
9576
9577
9578
9580
9581
9582
9583
9584
9585
9586
9587
9588
9589
9590
9592
9595
9596
9600
9601
9603
9604
9605
9607
9609
9610
9611
9612
9615
9616
9617
9618
9619
9620
9622
9623
9625
9626
9627
9628
9630
9631
9632
9633
9635
9636
9637
9638
9639
9640
9641
9643
9644
9645
9646
9647
9648
9649
9650
9651
9652
9653
9654
9655
9656
9657
9658
9659
9662
9663
9665
9666
9667
9668
9669
9670
9671
9672
9673
9674
9675
9677
9678
9679
9681
9682
