5896
5897
5898
5899
5900
5901
5902
5903
5905
5906
5908
5909
5910
5911
5912
5913
5914
5915
5916
5917
5918
5919
5920
5921
5922
5923
5924
5925
5926
5927
5928
5929
5930
5931
5932
5933
5934
5935
5936
5937
5939
5947
5948
5949
5950
5954
5955
5956
5957
5959
5961
5962
5965
5966
5967
5968
5970
5971
5972
5973
5976
5977
5978
5979
5980
5981
5982
5983
5984
5985
5986
5987
5988
5989
5990
5991
5992
5993
5994
5995
5996
5997
5998
5999
6000
6001
6002
6003
6004
6005
6006
6009
6010
6011
6013
6014
6015
6016
6017
6018
6019
6035
6036
6037
6038
6039
6041
6045
6046
6047
6048
6049
6050
6051
6059
6091
6092
6093
6094
6095
6096
6097
6098
6100
6101
6102
6103
6117
6118
6119
6120
6121
6122
6123
6124
6125
6128
6129
6130
6132
6133
6134
6135
6136
6137
6138
6139
6141
6142
6143
6144
6146
6147
6150
6152
6154
6155
6156
6157
6158
6159
6160
6161
6164
6165
6166
6167
6168
6169
6170
6171
6173
6175
6176
6181
6182
6183
6184
6185
6187
6188
6189
6191
6192
6193
6194
6195
6196
6197
6198
6199
6201
6202
6203
6204
6205
6206
6207
6208
6209
6210
6217
6218
6222
6223
6224
6227
6228
6229
6230
6231
6232
6233
6234
6235
6236
6237
6238
6239
6240
6241
6242
6247
6248
6249
6251
6252
6253
6256
6257
6258
6259
6261
6262
6263
6271
6272
6273
6274
6275
6276
6277
6278
6279
6280
6281
6282
6283
6284
6285
6286
6288
6289
6291
6293
6294
6295
6296
6297
6299
6300
6301
6302
6303
6304
6305
6307
6309
6310
6311
6314
6317
6318
6319
6320
6322
6323
6324
6326
6327
6328
6329
6330
6331
6332
6334
6335
6336
6337
6338
6339
6340
6341
6342
6343
6344
6345
6346
6347
6348
6351
6352
6354
6355
6356
6357
6358
6359
6360
6361
6362
6363
6364
6366
6367
6368
6369
6370
6372
6373
6374
6375
6376
6382
6383
6385
6386
6387
6388
6389
6390
6391
6392
6396
6397
6398
6399
6400
6401
6402
6403
6404
6405
6406
6407
6414
6415
6416
6418
6419
6421
6422
6423
6424
6425
6426
6427
6428
6429
6430
6431
6432
6433
6434
6439
6440
6441
6442
6443
6444
6445
6446
6447
6448
6449
6450
6451
6452
6453
6455
6456
6457
6461
6462
6464
6468
6469
6470
6472
6473
6474
6476
6477
6478
6480
6482
6483
6484
6487
6489
6490
6491
6492
6493
6494
6495
6496
6497
6498
6499
6500
6502
6503
6504
6505
6506
6507
6508
6509
6510
6511
6512
6513
6514
6515
6517
6518
6519
6520
6521
6522
6523
6524
6525
6526
6527
6528
6529
6530
6531
6532
6533
6534
6535
6536
6538
6539
6540
6541
6542
6543
6545
6546
6547
6548
6549
6550
6553
6554
6555
6556
6557
6558
6559
6560
6561
6563
6564
6565
6566
6567
6568
6569
6570
6571
6572
6573
6574
6575
6576
6578
6579
6580
6581
6582
6583
6584
6585
6586
