259230
259232
259236
259239
259240
259249
259266
259282
259285
259286
259287
259289
259295
259296
259307
259308
260293
260334
260425
260429
260434
260436
261726
261729
261734
266629
266655
266675
266722
266727
266740
266743
266747
266812
266977
267002
267004
267012
267020
280636
280664
282616
282617
282618
282679
282763
282770
282775
282808
282809
282890
282966
282969
282973
282974
282991
282996
283078
283093
283111
283129
283130
283149
283150
283152
283159
283160
283162
283189
283208
283209
283212
283219
283229
283232
283234
283237
283238
283248
283254
283284
283297
283298
283310
283316
283337
283349
283358
283365
283373
283375
283377
283383
283385
283417
283420
283431
283446
283450
283455
283459
283461
283463
283464
283471
283489
283514
283518
283521
283537
283554
283571
283576
283578
283600
283617
283629
283635
283638
283643
283652
283659
283677
283685
283726
283742
283748
283807
283820
283847
283848
283849
283869
283870
283871
283875
283897
283899
283927
283933
283948
283951
283953
283971
283985
283987
283989
283991
283999
284001
284004
284013
284018
284021
284023
284040
284058
284067
284069
284071
284076
284086
284098
284099
284106
284110
284111
284114
284119
284129
284131
284161
284184
284207
284217
284252
284254
284257
284266
284273
284274
284293
284297
284306
284307
284309
284312
284323
284325
284338
284339
284340
284346
284348
284349
284352
284353
284355
284358
284359
284361
284366
284369
284370
284371
284382
284383
284390
284391
284402
284403
284406
284415
284417
284418
284422
284427
284428
284433
284434
284439
284443
284451
284459
284467
284485
284486
284498
284521
284525
284532
284541
284546
284565
284611
284612
284613
284615
284654
284656
284680
284695
284697
284716
284723
284739
284759
284805
284827
284904
284948
284958
284992
284996
285016
285025
285051
285093
285095
285126
285141
285148
285172
285175
285180
285190
285193
285195
285203
285220
285231
285237
285242
285267
285268
285282
285311
285313
285315
285331
285335
285343
285346
285349
285362
285367
285368
285381
285382
285386
285423
285429
285440
285489
285498
285513
285521
285525
285527
285533
285550
285555
285556
285588
285590
285596
285598
285600
285601
285605
285613
285636
285641
285643
285659
285671
285672
285676
285704
285753
285755
285761
285782
285800
285848
285852
285855
285877
285888
285955
285966
285971
285973
285989
286006
286046
286053
286075
286077
286097
286128
286133
286144
286148
286151
286183
286187
286204
286205
286207
286234
286256
286257
286262
286319
286336
286343
286362
286365
286380
286410
286430
286436
286451
286464
286499
286514
286527
286530
286676
286749
286753
286826
286827
286887
287015
317649
317662
317671
317701
317702
317703
317705
317719
317749
317754
317761
317762
317772
317781
319089
319100
319101
326340
326624
326625
327657
333926
333929
333932
337867
337876
337878
337879
337880
337882
337959
337960
337963
337966
337967
337968
337969
337970
337971
337972
337973
337974
337975
337976
337977
337978
337979
337985
338094
338321
338322
338323
338324
338328
338339
338376
338382
338398
338440
338442
338557
338567
338596
338599
338645
338657
338661
338662
338667
338674
338675
338692
338699
338707
338751
338755
338761
338773
338785
338811
338872
338879
338917
338949
339105
339122
339123
339145
339168
339175
339210
339221
339229
339230
339231
339287
339291
339302
339318
339324
339327
339344
339345
339366
339390
339398
339403
339416
339448
339451
339453
339456
339479
