3705
3706
3707
3708
3709
3710
3712
3713
3714
3716
3717
3718
3720
3725
3726
3727
3728
3730
3732
3735
3736
3737
3738
3739
3741
3742
3743
3744
3745
3746
3747
3748
3749
3750
3751
3752
3753
3754
3755
3756
3757
3758
3759
3760
3761
3762
3763
3764
3765
3766
3767
3768
3769
3770
3772
3773
3775
3776
3777
3778
3779
3780
3781
3782
3783
3784
3785
3786
3787
3788
3790
3791
3792
3795
3796
3797
3798
3799
3800
3801
3802
3804
3805
3809
3812
3814
3815
3816
3817
3818
3820
3821
3822
3823
3824
3827
3831
3832
3833
3834
3835
3836
3837
3838
3839
3840
3841
3842
3843
3845
3848
3849
3850
3851
3852
3853
3854
3855
3856
3857
3858
3859
3860
3861
3866
3868
3872
3875
3880
3881
3882
3883
3884
3885
3886
3887
3888
3889
3890
3891
3892
3895
3897
3898
3899
3902
3903
3904
3906
3908
3909
3910
3911
3912
3913
3914
3915
3916
3918
3920
3921
3925
3927
3929
3930
3931
3932
3933
3934
3936
3937
3938
3939
3945
3948
3949
3950
3952
3953
3954
3955
3956
3957
3958
3959
3960
3963
3964
3965
3972
3973
3975
3976
3977
3978
3980
3981
3982
3983
3984
3985
3987
3988
3990
3991
3992
3993
3995
3996
3998
4000
4001
4004
4005
4007
4008
4009
4010
4012
4013
4014
4015
4016
4017
4018
4023
4025
4026
4033
4034
4035
4036
4037
4038
4040
4041
4043
4045
4046
4047
4048
4049
4050
4051
4052
4053
4054
4055
4056
4057
4058
4059
4060
4061
4062
4063
4064
4065
4066
4067
4068
4069
4070
4071
4072
4074
4076
4077
4081
4082
4084
4085
4086
4087
4088
4089
4090
4091
4092
4093
4094
4097
4099
4100
4101
4102
4103
4105
4107
4108
4109
4110
4111
4112
4113
4114
4115
4116
4117
4118
4121
4122
4123
4124
4125
4126
4128
4129
4130
4131
4133
4134
4135
4137
4139
4140
4141
4142
4143
4144
4145
4146
4147
4148
4149
4150
4151
4152
4153
4154
4155
4157
4158
4159
4160
4161
4162
4163
4166
4168
4170
4171
4172
4173
4174
4175
4176
4179
4184
4185
4188
4189
4190
4191
4192
4193
4194
4199
4200
4201
4204
4205
4208
4209
4210
4211
4212
4214
4215
4216
4217
4218
4221
4222
4223
4224
4225
4232
4233
4234
4236
4237
4238
4239
4240
4241
4242
4245
4246
4247
4248
4249
4250
4253
4254
4255
4256
4257
4258
4259
4261
4267
4277
4281
4282
4283
4284
4285
4286
4287
4288
4289
4291
4292
4293
4294
4295
4296
4297
4298
4299
4300
4301
4302
4303
4306
4308
4311
4312
4313
4314
4316
4317
4318
4319
4320
4321
4322
4323
4324
4325
4326
4327
4329
4330
4331
4332
4335
4336
4337
4338
4340
4342
4343
4345
4350
4351
4352
4353
4354
4355
4356
4357
4358
4359
4360
4361
4363
4430
4435
4436
4437
4438
4439
4440
4477
4478
4481
4482
4485
4486
4487
4488
4489
4493
4494
4495
4499
4501
4502
