9683
9684
9685
9686
9687
9688
9689
9690
9692
9693
9694
9695
9696
9697
9698
9699
9700
9701
9702
9703
9704
9705
9706
9708
9709
9710
9711
9712
9715
9716
9717
9718
9719
9720
9721
9722
9723
9724
9725
9726
9727
9728
9729
9730
9731
9732
9733
9734
9735
9736
9737
9738
9739
9741
9742
9743
9744
9745
9746
9747
9748
9749
9750
9751
9752
9753
9754
9755
9757
9758
9759
9760
9761
9762
9764
9765
9766
9767
9768
9770
9771
9772
9774
9775
9776
9777
9778
9779
9780
9781
9782
9783
9784
9785
9786
9787
9788
9789
9790
9791
9792
9793
9794
9796
9797
9798
9801
9802
9804
9805
9806
9807
9810
9811
9812
9813
9814
9815
9816
9817
9818
9819
9820
9821
9823
9824
9825
9826
9827
9828
9829
9830
9831
9832
9833
9836
9837
9839
9840
9841
9842
9843
9844
9846
9847
9848
9849
9851
9852
9853
9854
9855
9856
9857
9858
9859
9860
9861
9862
9863
9865
9866
9867
9868
9869
9870
9871
9873
9874
9875
9877
9878
9879
9880
9881
9882
9883
9884
9885
9886
9887
9889
9890
9891
9892
9894
9895
9896
9897
9898
9899
9900
9901
9902
9903
9904
9905
9907
9908
9909
9910
9911
9912
9913
9914
9915
9917
9918
9919
9920
9921
9922
9923
9924
9925
9926
9927
9928
9929
9931
9933
9934
9935
9936
9937
9938
9939
9940
9941
9942
9943
9945
9946
9947
9948
9949
9950
9951
9953
9955
9956
9957
9958
9960
9961
9962
9963
9965
9966
9967
9968
9969
9970
9971
9972
9973
9975
9976
9978
9980
9982
9984
9985
9986
9987
9988
9989
9990
9991
9992
9993
9994
9997
10000
10001
10002
10003
10004
10005
10006
10007
10008
10009
10010
10011
10013
10014
10015
10016
10017
10018
10019
10020
10021
10022
10023
10024
10025
10026
10036
10038
10039
10040
10042
10043
10044
10045
10046
10047
10048
10049
10050
10051
10052
10053
10054
10055
10056
10057
10058
10059
10060
10061
10062
10063
10066
10067
10068
10069
10071
10072
10073
10075
10076
10077
10078
10079
10081
10082
10083
10084
10085
10086
10087
10089
10090
10092
10093
10094
10095
10096
10097
10098
10099
10100
10101
10102
10103
10105
10106
10107
10109
10110
10111
10112
10113
10114
10116
10117
10120
10121
10123
10124
10125
10126
10127
10128
10129
10130
10131
10133
10134
10135
10136
10137
10138
10139
10140
10142
10143
10144
10146
10147
10148
10149
10150
10152
10153
10154
10155
10156
10157
10158
10159
10160
10161
10162
10163
10164
10165
10166
10168
10169
10170
10171
10172
10174
10175
10178
10179
10180
10181
10184
10186
10188
10189
10190
10193
10194
10195
10196
10197
10198
10199
10200
10201
10202
10203
10204
10205
10206
10207
10208
10209
10210
10211
10212
10213
10214
10215
10216
10217
10218
10219
10220
10221
10223
10224
10225
10226
10227
10228
10229
10231
10232
10233
10234
10235
10236
10237
10238
10239
10240
10241
10242
10243
10244
10245
10246
10247
10248
10249
10250
10251
10252
10253
10254
10256
10257
