23654
23657
23658
23659
23660
23670
23671
23673
23676
23677
23678
23682
23683
23704
23705
23708
23710
23729
23731
23732
23741
23742
23743
23746
23753
23759
23760
23761
23762
23764
23765
23767
23768
23769
23770
23774
23779
23780
23786
23787
23788
24137
24138
24139
24140
24141
24142
24144
24145
24146
24147
24148
24149
25758
25759
25763
25764
25766
25769
25770
25771
25774
25776
25777
25778
25780
25782
25788
25789
25790
25791
25792
25793
25794
25796
25797
25798
25799
25800
25801
25802
25803
25804
25805
25806
25807
25809
25813
25814
25816
25817
25818
25819
25820
25821
25822
25823
25824
25825
25827
25828
25829
25830
25831
25833
25834
25836
25837
25839
25840
25841
25842
25843
25844
25847
25849
25850
25851
25852
25853
25854
25855
25858
25861
25862
25864
25865
25870
25871
25873
25874
25875
25876
25878
25879
25880
25884
25885
25886
25888
25890
25891
25893
25894
25895
25896
25897
25898
25900
25901
25902
25903
25904
25906
25907
25909
25911
25912
25913
25914
25915
25917
25920
25921
25923
25924
25925
25926
25927
25928
25929
25930
25932
25934
25936
25937
25938
25939
25940
25941
25942
25943
25945
25946
25948
25949
25950
25953
25956
25957
25959
25960
25961
25962
25963
25966
25970
25972
25973
25974
25975
25976
25977
25978
25979
25980
25981
25983
25984
25987
25988
25989
25992
25994
25996
25998
25999
26000
26001
26002
26003
26005
26007
26009
26010
26011
26012
26013
26015
26017
26018
26019
26020
26022
26024
26025
26027
26030
26031
26032
26033
26034
26035
26036
26037
26038
26039
26040
26043
26045
26046
26047
26048
26049
26050
26051
26052
26053
26054
26056
26057
26058
26059
26060
26061
26063
26064
26065
26073
26074
26084
26085
26086
26088
26090
26091
26092
26093
26094
26095
26097
26098
26099
26100
26103
26108
26112
26115
26118
26119
26121
26122
26123
26127
26128
26130
26133
26135
26136
26137
26140
26145
26146
26147
26149
26150
26151
26152
26153
26154
26155
26156
26157
26160
26164
26166
26167
26168
26173
26175
26188
26189
26190
26191
26205
26206
26207
26211
26212
26219
26224
26225
26227
26228
26229
26230
26232
26233
26234
26235
26240
26245
26246
26248
26249
26251
26253
26254
26256
26257
26258
26259
26260
26261
26262
26263
26266
26267
26268
26269
26270
26271
26272
26273
26275
26276
26277
26278
26279
26280
26281
26284
26285
26286
26287
26289
26290
26291
26292
26297
26298
26301
26330
26333
26338
26339
26341
26353
26354
26355
26468
26469
26470
26471
26472
26476
26493
26494
26496
26497
26499
26502
26503
26504
26505
26507
26508
26509
26511
26512
26515
26517
26519
26520
26521
26523
26524
26525
26526
26528
26529
26530
26531
26532
26533
26534
26538
26539
26548
26574
26575
26576
26577
26578
26579
26580
26585
26586
26589
26608
26609
26610
26648
26658
26659
26664
26683
26686
26687
26689
26692
26693
26696
26716
26735
26737
26740
26747
26750
26751
26762
26872
26873
26952
26953
26958
26959
26960
26973
26974
26984
26985
26986
26993
26994
26995
26996
26998
26999
27000
27005
27006
27010
27012
27013
27018
27019
27020
27022
