63943
63946
63947
63948
63950
63951
63967
63970
63971
63973
63974
63976
63977
63978
63979
63982
64005
64061
64062
64063
64064
64065
64066
64067
64072
64073
64077
64078
64080
64081
64083
64084
64087
64089
64090
64091
64092
64093
64094
64096
64097
64098
64100
64101
64102
64105
64106
64108
64109
64110
64111
64112
64114
64115
64116
64118
64121
64122
64123
64127
64129
64130
64131
64132
64135
64137
64145
64146
64147
64149
64151
64167
64168
64170
64172
64174
64175
64180
64184
64207
64208
64210
64211
64215
64216
64218
64219
64220
64221
64222
64223
64224
64225
64231
64232
64236
64240
64241
64282
64283
64284
64285
64288
64318
64319
64320
64321
64324
64326
64327
64328
64332
64333
64342
64343
64344
64359
64374
64375
64376
64377
64386
64388
64393
64395
64396
64397
64398
64399
64400
64403
64405
64407
64409
64410
64411
64412
64417
64418
64419
64420
64421
64422
64423
64425
64426
64427
64428
64429
64430
64431
64432
64434
64446
64478
64499
64506
64518
64577
64579
64581
64582
64598
64599
64600
64601
64641
64645
64651
64682
64689
64693
64699
64708
64710
64711
64714
64718
64743
64744
64745
64746
64747
64748
64750
64753
64754
64755
64756
64757
64759
64760
64761
64762
64763
64764
64766
64768
64769
64770
64771
64772
64773
64776
64777
64778
64779
64780
64781
64782
64783
64784
64785
64786
64787
64788
64789
64792
64793
64794
64795
64798
64799
64800
64801
64802
64805
64806
64816
64834
64837
64838
64839
64840
64841
64843
64844
64847
64848
64849
64850
64852
64853
64854
64855
64856
64857
64858
64859
64860
64863
64864
64866
64881
64895
64897
64900
64901
64902
64919
64921
64922
64924
64925
64926
64927
64928
64943
64946
64949
64951
64960
64963
64965
64968
64969
64975
64976
64978
64979
64981
64983
65003
65005
65008
65009
65010
65018
65055
65056
65057
65059
65061
65062
65065
65078
65080
65082
65083
65084
65094
65095
65108
65109
65110
65117
65121
65123
65124
65125
65217
65220
65243
65244
65249
65250
65251
65258
65260
65263
65264
65265
65266
65267
65268
65975
65977
65979
65980
65981
65982
65983
65985
65986
65987
65988
65989
65990
65991
65992
65993
65997
65998
65999
66000
66002
66004
66005
66008
66035
66036
66037
78986
78987
78988
78989
78990
78991
78992
78994
78995
78996
78997
78999
79000
79001
79002
79003
79004
79005
79006
79007
79008
79009
79012
79016
79017
79018
79019
79020
79022
79023
79025
79026
79027
79029
79031
79033
79034
79035
79036
79037
79038
79039
79041
79042
79047
79048
79050
79053
79054
79056
79057
79058
79064
79065
79066
79068
79070
79071
79072
79073
79074
79075
79077
79078
79080
79081
79083
79084
79085
79086
79087
79088
79089
79090
79091
79092
79094
79095
79096
79097
79098
79101
79102
79109
79132
79133
79134
79135
79137
79139
79140
79142
79143
79144
79145
79147
79148
79149
79152
79153
79154
79155
79156
79157
79158
79159
79161
79165
79168
79169
79170
79171
79172
79173
79174
79175
79176
79177
79178
79180
79183
79184
79187
79188
79190
79191
79192
79228
79230
79258
79269
79290
79296
79310
79317
79324
79339
