2937
2938
2939
2940
2941
2944
2946
2947
2948
2949
2950
2952
2953
2954
2956
2957
2958
2959
2960
2961
2962
2963
2965
2966
2967
2968
2969
2971
2972
2975
2976
2977
2978
2979
2980
2981
2982
2983
2984
2986
2987
2990
2992
2993
2994
2995
2997
2998
2999
3000
3001
3002
3003
3004
3005
3006
3007
3008
3009
3010
3012
3013
3014
3015
3017
3018
3020
3021
3024
3026
3028
3029
3030
3032
3033
3034
3035
3036
3037
3038
3039
3040
3042
3043
3045
3046
3048
3049
3050
3052
3053
3054
3055
3059
3060
3061
3062
3064
3065
3066
3067
3068
3069
3070
3071
3073
3074
3075
3077
3078
3080
3081
3082
3083
3084
3087
3090
3091
3092
3093
3094
3096
3097
3098
3099
3101
3104
3106
3107
3108
3109
3110
3111
3112
3113
3115
3117
3118
3119
3120
3122
3123
3127
3131
3133
3134
3140
3141
3142
3145
3146
3148
3149
3150
3151
3155
3156
3157
3158
3159
3161
3162
3163
3164
3166
3167
3169
3170
3171
3172
3174
3175
3176
3177
3178
3181
3182
3183
3184
3185
3187
3188
3189
3190
3191
3192
3195
3196
3198
3199
3200
3201
3202
3203
3204
3205
3206
3207
3208
3209
3211
3212
3213
3214
3215
3216
3217
3218
3219
3221
3222
3223
3224
3225
3226
3227
3228
3229
3231
3232
3233
3234
3235
3236
3237
3238
3239
3240
3241
3242
3248
3249
3250
3251
3257
3263
3265
3266
3267
3268
3269
3270
3273
3274
3275
3276
3280
3281
3283
3284
3290
3291
3292
3293
3294
3295
3297
3298
3299
3300
3301
3303
3304
3305
3306
3308
3309
3310
3312
3313
3315
3316
3320
3321
3326
3329
3336
3337
3338
3339
3340
3344
3346
3347
3350
3351
3352
3354
3355
3356
3357
3358
3359
3360
3361
3362
3363
3364
3371
3373
3375
3376
3381
3382
3383
3384
3385
3386
3394
3396
3397
3398
3399
3400
3416
3417
3418
3419
3420
3421
3422
3423
3425
3426
3428
3429
3430
3431
3433
3434
3437
3440
3442
3443
3444
3445
3448
3452
3454
3455
3456
3458
3459
3460
3467
3475
3476
3479
3480
3481
3482
3483
3484
3485
3486
3487
3488
3489
3490
3491
3508
3512
3516
3543
3547
3549
3550
3551
3552
3553
3554
3556
3557
3558
3559
3560
3561
3562
3563
3565
3566
3567
3568
3569
3570
3572
3574
3575
3576
3577
3578
3579
3581
3586
3587
3588
3589
3590
3592
3593
3594
3595
3596
3597
3598
3600
3601
3603
3604
3605
3606
3607
3608
3609
3611
3612
3613
3614
3615
3617
3619
3620
3621
3622
3623
3624
3625
3626
3627
3628
3630
3631
3632
3633
3635
3636
3638
3640
3641
3642
3643
3645
3646
3651
3652
3654
3655
3656
3658
3659
3660
3661
3662
3663
3664
3665
3667
3669
3670
3671
3672
3673
3674
3675
3676
3678
3679
3680
3681
3682
3683
3684
3685
3687
3688
3689
3690
3691
3692
3693
3694
3695
3696
3697
3698
3699
3700
3702
3703
3704
