201780
201798
201799
201895
201931
201965
201973
202018
202051
202052
202151
202243
202309
202333
202374
202500
202559
202658
202865
202915
203054
203062
203068
203069
203074
203076
203100
203102
203111
203190
203197
203228
203238
203245
203259
203260
203286
203328
203413
203427
203430
203447
203522
203523
203547
203562
203859
204219
204474
204801
204851
204962
205147
205251
205327
205428
205564
205717
205860
206338
206358
206412
207063
219285
219287
219293
219333
219348
219402
219409
219417
219428
219429
219431
219432
219436
219437
219438
219447
219453
219464
219469
219473
219477
219479
219482
219484
219487
219493
219527
219537
219539
219541
219557
219578
219621
219623
219654
219670
219681
219699
219736
219738
219743
219749
219770
219771
219790
219793
219844
219854
219855
219858
219865
219869
219870
219873
219874
219875
219899
219902
219927
219931
219938
219952
219954
219956
219957
219958
219959
219960
219968
219970
219972
219981
219982
219983
219986
219988
219990
219995
220001
220002
220004
220032
220042
220047
220064
220081
220082
220107
220108
220134
220136
220164
220202
220213
220296
220323
220359
220382
220388
220416
220441
220929
220963
220965
220972
220988
220992
221002
221035
221037
221044
221061
221074
221078
221079
221091
221092
221120
221143
221150
221154
221178
221184
221188
221191
221223
221264
221294
221301
221302
221303
221322
221336
221357
221391
221393
221395
221400
221409
221421
221424
221443
221458
221468
221472
221476
221477
221481
221491
221496
221504
221527
221545
221613
221656
221662
221687
221692
221710
221711
221749
221785
221786
221806
221823
221830
221833
221895
221908
221914
221927
221935
221937
221938
221955
221960
221981
222008
222068
222166
222171
222183
222194
222223
222229
222234
222235
222236
222255
222256
222389
222484
222487
222537
222545
222546
222553
222584
222642
222643
222658
222659
222662
222663
222696
222698
222826
222865
222894
222950
222962
222967
223075
223082
223117
225689
245711
245802
245806
245812
245908
245909
245910
245911
245913
245915
245927
245928
245929
245930
245932
245934
245936
245937
245938
245939
245940
245972
245973
246175
246176
246181
246184
246213
246243
246269
246329
246330
246744
246777
246778
252839
252884
252969
252983
252995
253012
253017
253143
253152
253190
253260
253314
253430
253461
253512
253558
253559
253582
253635
253639
253650
253714
253725
253738
253769
253782
253827
253832
253935
253943
253959
253980
253982
254013
254042
254048
254050
254065
254102
254122
254158
254170
254173
254187
254225
254228
254240
254251
254263
254268
254272
254295
254359
254394
254427
254428
254439
254528
254531
254552
254773
254778
254783
254827
254863
254879
254887
254910
254950
254956
254973
255022
255027
255043
255057
255061
255101
255104
255119
255189
255220
255231
255239
255252
255275
255308
255324
255349
255374
255394
255403
255411
255426
255488
255520
255626
255631
255649
255725
255738
255743
255758
255762
255783
255798
255809
255877
255919
255928
255967
256006
256051
256076
256126
256130
256144
256148
256158
256223
256227
256281
256297
256302
256309
256329
256356
256364
256369
256380
256394
256435
256471
256472
256536
256586
256643
256646
256691
256710
256714
256764
256815
256892
256933
256949
256957
256979
256987
257000
257019
257044
257062
257068
257101
257106
257144
257160
257169
257177
257194
257202
257218
257236
257240
257313
257364
257397
257407
257415
257629
258010
259173
259197
259215
259217
