113730
113746
113791
113802
113828
113829
113835
113878
114026
114034
114049
114088
114112
114131
114132
114134
114294
114327
114548
114569
114571
114609
114625
114659
114757
114769
114770
114771
114780
114781
114783
114784
114785
114786
114787
114788
114789
114790
114791
114792
114793
114794
114795
114798
114799
114800
114801
114803
114804
114805
114815
114818
114821
114822
114823
114824
114825
114826
114827
114836
114876
114879
114880
114881
114882
114883
114884
114885
114897
114898
114899
114900
114902
114904
114905
114907
114908
114926
114928
114932
114960
114971
114984
114987
114990
114991
115004
115019
115024
115098
115106
115111
115123
115196
115201
115207
115209
115265
115273
115286
115290
115294
115330
115350
115352
115353
115361
115362
115399
115416
115426
115509
115548
115557
115560
115572
115584
115650
115653
115677
115701
115703
115704
115708
115727
115749
115752
115761
115795
115811
115817
115825
115827
115861
115908
115939
115948
115950
115992
116028
116039
116064
116068
116071
116085
116092
116113
116115
116135
116138
116143
116150
116151
116154
116159
116173
116179
116211
116224
116225
116228
116236
116238
116254
116255
116285
116328
116337
116362
116369
116372
116379
116412
116441
116442
116443
116444
116447
116448
116449
116461
116496
116511
116512
116519
116534
116535
116540
116541
116729
116832
116835
116840
116841
116842
116843
116844
116931
116966
116969
116983
116984
116985
116986
116987
116988
117143
117144
117145
117154
117155
117156
117157
117159
117166
117177
117178
117194
117195
117196
117245
117246
117247
117248
117283
117285
117286
117289
117531
117532
117579
117581
117583
117584
117608
117854
118424
118426
118427
118429
118430
118442
118460
118461
118471
118472
118487
118490
118491
118611
118663
118670
118672
118738
118788
118812
118813
118856
118881
118924
118932
118980
118987
119016
119032
119180
119391
119392
119395
119467
119504
119548
119559
119587
119678
119679
119682
119687
119692
119694
119695
119710
119749
119764
119765
119772
120065
120066
120071
120103
120114
120224
120227
120237
120376
120379
120400
120406
120425
120526
120534
120586
120775
120776
120787
120793
120796
120863
120892
120935
120939
121006
121053
121129
121130
121214
121227
121256
121260
121268
121273
121274
121275
121278
121340
121355
121364
121391
121441
121457
121504
121506
121512
121536
121549
121551
121599
121601
121642
121643
121665
121793
122011
122042
122046
122060
122258
122402
122416
122481
122509
122525
122553
122616
122618
122622
122651
122664
122665
122704
122706
122740
122742
122748
122769
122773
122786
122809
122830
122876
122945
122953
122961
122970
123016
123036
123041
123096
123099
123103
123169
123207
123228
123263
123264
123283
123346
123355
123591
123606
123624
123688
123720
123722
123745
123775
123803
123811
123872
123876
123879
123904
123920
123970
124044
124045
124056
124093
124152
124220
124222
124245
124274
124359
124401
124402
124404
124411
124446
124454
124460
124491
124512
124535
124538
124540
124565
124583
124590
124599
124602
124626
124637
124641
124739
124751
124773
124783
124790
124801
124808
124817
124842
124857
124872
124912
124923
124925
124930
124935
124936
124944
124961
124975
124976
124989
124995
124997
125058
125061
125111
125113
125115
125150
125170
125206
125228
125336
125476
125488
125704
125875
125893
125919
125931
125950
125958
125962
125963
125965
125972
125981
125988
126003
126006
126014
126017
126068
126069
