126070
126074
126075
126119
126123
126129
126133
126147
126204
126205
126206
126208
126231
126248
126259
126272
126282
126295
126298
126299
126306
126308
126321
126326
126328
126353
126364
126370
126374
126375
126382
126393
126402
126410
126432
126433
126520
126526
126541
126549
126567
126626
126637
126638
126661
126668
126669
126695
126731
126755
126767
126789
126792
126820
126823
126859
126868
126917
126961
126969
127002
127003
127018
127062
127066
127068
127069
127074
127077
127124
127247
127253
127254
127255
127262
127281
127294
127343
127385
127391
127396
127428
127435
127495
127534
127540
127544
127550
127579
127602
127608
127617
127623
127665
127670
127687
127700
127703
127707
127731
127733
127795
127829
127833
127845
127933
127943
128025
128061
128077
128153
128178
128209
128218
128229
128239
128240
128272
128308
128312
128338
128344
128346
128360
128366
128367
128368
128371
128372
128387
128408
128414
128434
128486
128488
128497
128506
128553
128602
128611
128637
128646
128653
128674
128710
128817
128821
128822
128853
128859
128861
128864
128866
128869
128876
128954
128977
128989
129025
129049
129080
129138
129285
129293
129303
129401
129446
129450
129521
129530
129531
129563
129607
129642
129684
129685
129787
129804
129807
129831
129852
129880
129881
130013
130026
130074
130075
130106
130120
130132
130162
130271
130340
130355
130367
130399
130497
130502
130507
130535
130540
130557
130560
130574
130576
130589
130612
130617
130733
130749
130752
130813
130814
130827
130888
130916
130940
130951
131034
131076
131096
131118
131149
131177
131368
131375
131377
131405
131408
131450
131474
131540
131544
131566
131578
131583
131601
131616
131669
131831
131870
131873
131890
131920
131965
132001
132014
132112
132141
132158
132160
132200
132203
132204
132228
132243
132299
132320
132321
132332
132430
132612
132625
132660
132671
132720
132724
132789
132851
132864
132884
132946
132949
132954
132989
133015
133022
133060
133121
133308
133383
133396
133418
133482
133491
133522
133558
133584
133619
133686
133688
133690
133746
133874
133923
133957
134083
134111
134121
134145
134147
134187
134218
134265
134266
134285
134288
134353
134359
134391
134429
134430
134492
134510
134526
134548
134549
134553
134637
134701
134728
134829
134860
134864
134957
135112
135114
135138
135152
135154
135228
135250
135293
135295
135398
135458
135644
135656
135886
135892
135924
135927
135932
135935
135941
135946
135948
136051
136157
136227
136242
136259
136263
136288
136306
136319
136332
136371
136541
136647
136853
136895
136991
137075
137209
137362
137392
137492
137682
137695
137735
137797
137814
137835
137868
137872
137886
137902
137964
137970
137994
138009
138046
138050
138065
138151
138162
138199
138240
138241
138255
138307
138311
138428
138429
138474
138639
138715
138716
138724
138802
138803
138804
138805
138881
138882
138883
139065
139067
139081
139105
139135
139170
139189
139212
139221
139231
139285
139322
139324
139341
139378
139411
139420
139422
139425
139562
139596
139599
139604
139628
139716
139728
139735
139741
139760
139793
139804
139818
139886
140032
140258
140290
140432
140453
140456
140458
140459
140460
140461
140462
140465
140467
140469
140545
140564
140576
140578
140597
140606
140609
140612
140625
140628
140679
140680
140683
140685
140686
140687
140688
140689
140690
140691
140699
140700
140701
140706
140707
140710
140711
140730
140731
140732
140733
140735
140738
140739
140766
