100131755
100131801
100131827
100131897
100131902
100132015
100132074
100132146
100132304
100132406
100132463
100132476
100132916
100132963
100132994
100133053
100133093
100133267
100133315
100133941
100134444
100134934
100134938
100137047
100137049
100141515
100144748
100151643
100169851
100170229
100170765
100170841
100188893
100190949
100191040
100271715
100271846
100271849
100271927
100272147
100287045
100287171
100287226
100287284
100287482
100287520
100287718
100287898
100287932
100288072
100288142
100288287
100288323
100288413
100288687
100288797
100288801
100288814
100288842
100289187
100289255
100289279
100289462
100289635
100289678
100293516
100302736
100303755
100310846
100316904
100329135
100381270
100419008
100419780
100421372
100423062
100431172
100499483
100500938
100505385
100505478
100505573
100505591
100505724
100505741
100505753
100505841
100505876
100505989
100505993
100506013
100506049
100506084
100506127
100506144
100506164
100506243
100506374
100506540
100506564
100506581
100506658
100506736
100506742
100507003
100507027
100507043
100507050
100507055
100507096
100507203
100507290
100507341
100507421
100507436
100507537
100507588
100507608
100507650
100507679
100507747
100526664
100526693
100526737
100526739
100526740
100526760
100526767
100526771
100526772
100526773
100526783
100526794
100526832
100526835
100527949
100527978
100528020
100528030
100528032
100528062
100528064
100529063
100529144
100529215
100529239
100529240
100529241
100529251
100529257
100529261
100532736
100533105
100533106
100533177
100533183
100533467
100533952
100533997
100652748
100652824
100653515
100820829
100861412
100862671
100874261
100885848
100996492
100996521
100996631
100996648
100996693
100996696
100996758
100996939
101059915
101059948
101060200
101060226
101060233
101060684
101410538
101669762
101927367
101927423
101927581
101927685
101928108
101928147
101928527
101928601
101928603
101928677
101928917
101928991
101929355
101929469
101929726
101929805
101929926
101929937
101929989
102157402
102288414
102723407
102723508
102723547
102723631
102723796
102723899
102723971
102724023
102724183
102724334
102724473
102724485
102724488
102724536
102724657
102724862
102724971
102725191
102800317
105369787
105370706
105371045
105371242
105371267
105371346
105372267
105372280
105372440
105372481
105373146
105373297
105373377
105375355
105375795
105375817
105375947
105376230
105376714
105377321
105377805
105378220
105378696
105378803
105378947
105378952
106821730
107080638
107181291
107303344
107983988
107983993
107984126
107984345
107984449
107984640
107984876
107984956
107985194
107985915
107986012
107986096
107986372
107986768
107986818
107987020
107987025
107987155
109703458
109729126
110117498
110354863
110599563
110599564
110599583
110599588
110806277
110806278
110806279
110806280
110806281
110806290
110806296
110806297
110806298
110806299
111064647
111064649
111064650
111188157
111216276
111216277
111240474
111644133
112163659
112267855
112267897
112267968
112267992
112268016
112268044
112268164
112268241
112268293
112268307
112268458
112441426
112441428
112441429
112441430
112441431
112441432
112441434
112441437
112488745
112577461
112577462
112577516
112694756
113455421
113523636
113523638
113523639
114118903
114483833
114515518
114841035
114841037
115482686
116033993
117134596
117134598
117981789
118142757
118568799
119139905
120356739
120356740
120766137
121725057
122319436
122319696
122394732
122394733
122405565
122455338
122455339
122455340
122455342
122513141
122526777
122526779
122526780
122539214
124188214
124900165
124900173
124900192
124900214
124900217
124900276
124900290
124900372
124900417
124900512
124900647
124900868
124900986
124901163
124901165
124901225
124901227
124901228
124901231
124901232
124901299
124901482
124901483
124901580
124901794
124901820
124901868
124901892
124902201
124902313
124902361
124902420
124902436
124902508
124902528
124902530
124902561
124902601
124902669
124902693
124902694
124902738
124902805
124902806
124902875
124903061
124903151
124903162
124903185
124903206
124903217
124903229
124903248
124903391
124903404
124903405
124903406
124903442
124903496
124903569
124903575
124903671
124903723
124903757
124903759
124903767
124903856
124903857
124904102
124904331
124904394
124904439
124904583
124904605
124904660
124904701
124904770
124904791
124904903
124905027
124905139
124905156
124905331
124906086
124906109
124906262
124908044
124908045
124909483
124909484
124909485
124909486
124909494
125316803
127138866
127898561
127898562
127898563
127903862
127933115
128031832
128031833
128031834
128031835
128031836
128031837
128071544
128071545
128071547
128092246
128092247
128092248
128092249
128092250
128092251
128092252
128092253
128125814
128125816
128125818
128125822
128706665
128706666
128854680
128966684
128966744
131768270
133039973
133834869
139427322
139907707
