23016
23017
23019
23020
23022
23023
23024
23025
23026
23028
23029
23030
23031
23032
23033
23034
23035
23036
23037
23038
23039
23040
23041
23042
23043
23046
23047
23048
23049
23051
23052
23053
23054
23057
23059
23060
23061
23062
23063
23064
23065
23066
23067
23070
23071
23072
23074
23075
23076
23077
23078
23080
23081
23082
23085
23086
23087
23089
23090
23091
23092
23093
23094
23095
23096
23097
23098
23099
23101
23102
23105
23107
23108
23109
23111
23112
23113
23114
23116
23118
23119
23120
23122
23125
23126
23127
23129
23130
23131
23132
23133
23135
23136
23137
23138
23139
23140
23141
23142
23143
23144
23148
23149
23150
23151
23152
23154
23155
23157
23158
23160
23161
23162
23163
23164
23165
23166
23167
23168
23169
23170
23171
23172
23173
23174
23175
23176
23177
23178
23179
23180
23181
23184
23185
23186
23187
23189
23190
23191
23192
23193
23194
23195
23196
23197
23198
23199
23200
23201
23203
23204
23205
23207
23208
23209
23210
23211
23212
23213
23214
23215
23216
23217
23218
23219
23220
23221
23223
23224
23225
23228
23229
23230
23231
23232
23233
23234
23235
23236
23237
23239
23240
23241
23242
23243
23244
23245
23246
23247
23248
23250
23251
23252
23253
23254
23255
23256
23258
23259
23261
23262
23263
23264
23265
23266
23268
23269
23270
23271
23272
23274
23275
23276
23277
23279
23281
23283
23284
23286
23287
23288
23291
23293
23294
23295
23299
23300
23301
23302
23303
23304
23305
23306
23307
23308
23309
23310
23312
23313
23314
23315
23316
23317
23318
23321
23322
23324
23325
23326
23327
23328
23329
23331
23332
23333
23334
23335
23336
23338
23339
23341
23344
23345
23347
23348
23349
23350
23351
23352
23353
23354
23355
23357
23358
23359
23360
23361
23362
23363
23365
23366
23367
23368
23369
23370
23371
23373
23376
23378
23379
23380
23381
23382
23383
23384
23385
23386
23387
23389
23390
23392
23394
23395
23396
23397
23398
23399
23400
23401
23403
23404
23405
23406
23408
23409
23410
23411
23412
23413
23414
23415
23416
23417
23418
23420
23421
23423
23424
23426
23428
23429
23430
23431
23432
23433
23435
23436
23438
23439
23440
23443
23446
23450
23451
23452
23456
23457
23460
23461
23462
23463
23464
23466
23467
23468
23469
23471
23473
23474
23475
23476
23478
23479
23480
23481
23483
23484
23491
23492
23493
23495
23498
23499
23500
23503
23504
23505
23506
23507
23508
23509
23510
23511
23512
23513
23514
23515
23516
23517
23518
23519
23521
23522
23523
23524
23526
23527
23528
23529
23530
23531
23532
23533
23534
23536
23538
23539
23541
23542
23543
23544
23545
23546
23547
23548
23549
23550
23551
23552
23553
23554
23555
23556
23557
23558
23559
23560
23562
23563
23564
23566
23567
23568
23569
23576
23580
23581
23582
23583
23584
23585
23586
23587
23588
23589
23590
23592
23593
23594
23595
23596
23597
23598
23600
23601
23603
23604
23607
23608
23609
23612
23613
23616
23617
23619
23620
23621
23623
23624
23625
23626
23627
23630
23632
23633
23635
23636
23637
23639
23640
23641
23643
23644
23645
23646
23647
23648
23649
23650
