140767
140775
140801
140803
140807
140809
140823
140825
140831
140832
140836
140838
140850
140856
140862
140870
140873
140876
140880
140881
140883
140885
140886
140890
140893
140894
140901
140902
140947
142678
142679
142680
142683
142684
142685
142686
142689
142827
142891
142910
142940
143098
143162
143187
143241
143244
143279
143282
143379
143384
143425
143458
143471
143496
143502
143503
143570
143630
143662
143678
143684
143686
143689
143872
143879
143884
143888
143903
143941
144097
144100
144108
144110
144124
144125
144132
144165
144193
144195
144233
144245
144321
144347
144348
144363
144402
144404
144406
144423
144448
144453
144455
144501
144535
144568
144577
144608
144699
144715
144717
144809
144811
144983
145173
145226
145258
145264
145270
145282
145376
145389
145407
145447
145482
145483
145497
145501
145508
145553
145567
145581
145645
145741
145748
145773
145781
145788
145814
145853
145864
145873
145942
145957
146050
146057
146059
146167
146177
146183
146198
146206
146212
146223
146225
146227
146279
146310
146325
146330
146378
146395
146429
146433
146434
146439
146456
146540
146542
146547
146556
146562
146664
146691
146705
146712
146713
146722
146754
146760
146779
146802
146822
146845
146849
146850
146852
146853
146857
146861
146862
146894
146909
146923
146956
147007
147011
147015
147040
147111
147138
147179
147183
147199
147323
147339
147372
147381
147407
147409
147463
147495
147645
147646
147650
147657
147658
147660
147664
147670
147685
147686
147687
147694
147699
147700
147710
147719
147741
147744
147746
147798
147807
147808
147837
147841
147872
147906
147912
147920
147923
147929
147945
147948
147949
147965
147968
147991
148003
148014
148022
148066
148103
148109
148113
148137
148156
148170
148203
148206
148213
148223
148229
148252
148254
148266
148268
148281
148304
148327
148345
148362
148398
148418
148423
148479
148523
148534
148581
148641
148738
148741
148753
148789
148808
148811
148823
148867
148870
148930
148932
148979
149013
149018
149041
149069
149076
149095
149111
149175
149233
149281
149297
149345
149371
149420
149428
149461
149465
149466
149473
149478
149483
149499
149563
149603
149628
149643
149647
149685
149699
149708
149840
149951
149954
149986
149998
150082
150084
150094
150159
150160
150165
150209
150221
150223
150248
150274
150275
150280
150290
150297
150350
150353
150356
150365
150368
150372
150379
150383
150465
150468
150472
150483
150572
150590
150677
150678
150681
150684
150696
150709
150726
150737
150763
150771
150786
150864
150921
150946
150962
151011
151050
151056
151112
151126
151176
151188
151194
151195
151230
151242
151246
151254
151258
151295
151306
151313
151354
151393
151449
151473
151507
151516
151525
151531
151556
151613
151636
151647
151648
151649
151651
151742
151790
151827
151835
151871
151887
151888
151903
151963
151987
152002
152006
152007
152015
152065
152098
152100
152110
152137
152138
152185
152189
152206
152217
152273
152330
152404
152405
152485
152503
152518
152519
152559
152573
152579
152586
152687
152789
152815
152816
152831
152877
152926
152940
152992
153020
153090
153129
153201
153218
153222
153241
153328
153339
153364
153396
153443
153478
153527
153562
153572
153579
153642
153643
153657
153733
153743
153745
153768
153769
153770
153830
153918
154007
154043
154075
154091
154141
154150
154197
154214
154215
154288
154313
154467
154661
154664
154743
154790
154791
154796
154807
154810
154865
154881
155006
155038
