79345
79346
79363
79364
79365
79366
79368
79369
79370
79400
79411
79412
79413
79414
79415
79441
79442
79443
79444
79446
79447
79465
79473
79482
79490
79544
79549
79567
79568
79570
79571
79572
79573
79574
79575
79576
79577
79581
79582
79583
79585
79586
79587
79589
79590
79591
79594
79595
79596
79598
79600
79602
79603
79605
79607
79608
79609
79611
79612
79613
79616
79618
79621
79622
79623
79624
79625
79626
79627
79628
79629
79630
79631
79632
79633
79634
79635
79637
79639
79641
79642
79643
79644
79645
79646
79647
79648
79649
79650
79651
79652
79654
79656
79657
79658
79659
79660
79661
79663
79664
79665
79666
79668
79669
79670
79671
79672
79673
79674
79675
79676
79677
79679
79680
79682
79683
79684
79685
79689
79690
79691
79692
79693
79694
79695
79696
79697
79698
79699
79701
79703
79705
79706
79707
79709
79710
79711
79712
79713
79714
79716
79717
79718
79719
79720
79722
79723
79724
79725
79726
79727
79728
79729
79730
79731
79733
79734
79735
79736
79738
79739
79740
79741
79742
79744
79745
79746
79747
79748
79750
79751
79752
79753
79754
79755
79758
79759
79760
79762
79763
79767
79768
79770
79772
79774
79776
79777
79778
79780
79781
79782
79783
79784
79785
79786
79788
79789
79791
79792
79794
79796
79797
79798
79799
79800
79801
79802
79803
79805
79807
79809
79810
79811
79812
79813
79814
79815
79816
79817
79818
79819
79820
79822
79823
79825
79827
79828
79829
79830
79831
79832
79833
79834
79836
79837
79838
79839
79840
79841
79842
79843
79844
79845
79846
79847
79848
79849
79850
79852
79853
79856
79858
79861
79862
79863
79864
79865
79866
79867
79868
79869
79870
79871
79872
79873
79874
79875
79876
79877
79879
79882
79883
79884
79885
79886
79887
79888
79890
79891
79892
79893
79894
79895
79896
79897
79898
79899
79901
79902
79903
79905
79906
79908
79912
79913
79915
79917
79918
79919
79921
79922
79923
79924
79925
79927
79929
79930
79931
79932
79933
79934
79935
79937
79939
79943
79944
79946
79947
79948
79949
79953
79954
79955
79956
79957
79958
79959
79960
79961
79962
79966
79968
79969
79971
79973
79974
79977
79979
79980
79981
79982
79983
79987
79989
79990
79991
79993
79998
80000
80003
80004
80005
80006
80007
80008
80010
80011
80012
80013
80014
80017
80018
80019
80020
80021
80022
80023
80024
80025
80028
80031
80032
80034
80036
80045
80055
80059
80063
80067
80070
80071
80086
80095
80097
80108
80110
80114
80115
80117
80119
80122
80124
80125
80127
80128
80129
80131
80133
80135
80139
80142
80143
80144
80145
80146
80148
80149
80150
80152
80153
80155
80157
80162
80164
80167
80168
80169
80173
80174
80176
80177
80178
80179
80183
80184
80185
80194
80195
80196
80198
80199
80201
80204
80205
80206
80207
80208
80209
80210
80212
80213
80216
80217
80218
80219
80221
80222
80223
80224
80227
80228
80230
80231
80232
80233
80235
80237
80243
80254
80255
80256
80258
80262
80263
80264
80267
80270
80271
80273
80274
80279
80298
80301
80303
80304
80305
80306
80308
80309
80310
80311
80312
80313
80314
80315
80316
80317
80318
80319
