4504
4507
4515
4520
4521
4522
4524
4528
4534
4542
4543
4544
4547
4548
4552
4580
4582
4583
4584
4585
4586
4588
4589
4591
4593
4594
4595
4597
4598
4599
4600
4601
4602
4603
4604
4605
4606
4607
4608
4609
4610
4613
4615
4616
4617
4618
4619
4620
4621
4622
4624
4625
4626
4627
4628
4629
4632
4633
4634
4635
4636
4637
4638
4640
4641
4642
4643
4644
4645
4646
4647
4648
4649
4650
4651
4653
4654
4656
4659
4660
4661
4664
4665
4666
4668
4669
4670
4671
4673
4674
4675
4676
4677
4678
4680
4681
4682
4683
4684
4685
4686
4688
4689
4690
4691
4692
4693
4694
4695
4696
4697
4698
4700
4701
4702
4703
4704
4705
4706
4707
4708
4709
4710
4711
4712
4713
4714
4715
4716
4717
4718
4719
4720
4722
4723
4724
4725
4726
4728
4729
4731
4733
4734
4735
4736
4738
4739
4741
4744
4745
4747
4750
4751
4752
4753
4756
4758
4759
4760
4761
4762
4763
4771
4772
4773
4774
4775
4776
4778
4779
4780
4781
4782
4783
4784
4790
4791
4792
4793
4794
4795
4796
4798
4799
4800
4801
4802
4803
4804
4807
4808
4809
4810
4811
4814
4815
4817
4818
4820
4821
4824
4825
4826
4828
4829
4830
4831
4832
4833
4835
4836
4837
4838
4839
4841
4842
4843
4846
4848
4849
4850
4851
4852
4853
4854
4855
4856
4857
4858
4860
4861
4862
4863
4864
4867
4868
4869
4878
4879
4880
4881
4882
4883
4884
4885
4886
4887
4889
4891
4892
4893
4897
4898
4899
4900
4901
4902
4904
4905
4907
4908
4909
4913
4914
4915
4916
4917
4919
4920
4921
4922
4923
4924
4925
4926
4927
4928
4929
4931
4935
4938
4939
4940
4942
4943
4946
4947
4948
4951
4952
4953
4956
4957
4958
4967
4968
4969
4973
4974
4975
4976
4978
4982
4983
4985
4986
4987
4988
4990
4991
4992
4993
4994
4995
4998
4999
5000
5001
5002
5004
5005
5007
5008
5009
5010
5013
5015
5016
5017
5018
5019
5020
5021
5023
5024
5025
5026
5027
5028
5029
5030
5031
5032
5033
5034
5036
5037
5042
5045
5046
5047
5048
5049
5050
5051
5052
5053
5054
5055
5058
5062
5063
5064
5066
5067
5068
5069
5071
5073
5074
5075
5076
5077
5078
5079
5080
5081
5082
5083
5087
5089
5090
5091
5092
5093
5094
5095
5096
5097
5098
5099
5100
5101
5104
5105
5106
5108
5110
5111
5116
5118
5119
5121
5122
5125
5126
5127
5128
5129
5130
5132
5133
5134
5136
5137
5138
5139
5140
5141
5142
5143
5144
5145
5146
5147
5148
5149
5150
5151
5152
5153
5154
5155
5156
5157
5158
5159
5160
5161
5162
5163
5164
5165
5166
5167
5168
5169
5170
5172
5173
5174
5175
5176
5178
5179
5184
5187
5188
5189
5190
5191
5192
5193
5194
5195
5196
5197
5198
5199
5201
5202
5203
5204
5205
5207
5208
5209
5210
5211
5212
5213
5214
5216
5217
5218
5222
5223
5224
5225
