339487
339488
339500
339501
339512
339541
339559
339665
339669
339674
339745
339761
339766
339768
339778
339779
339804
339829
339834
339855
339896
339965
339967
339976
339977
339983
340024
340061
340069
340075
340096
340120
340146
340152
340156
340168
340204
340205
340252
340260
340267
340273
340277
340348
340351
340359
340371
340385
340390
340393
340419
340441
340481
340485
340526
340527
340529
340533
340542
340543
340547
340554
340562
340578
340595
340596
340602
340654
340665
340706
340719
340745
340784
340811
340895
340900
340980
340990
341019
341032
341116
341152
341208
341276
341277
341346
341350
341359
341392
341405
341416
341418
341567
341568
341640
341676
341799
341880
341883
341947
342035
342096
342125
342132
342184
342346
342357
342371
342372
342510
342527
342538
342574
342618
342667
342850
342865
342892
342897
342898
342900
342908
342909
342918
342926
342931
342933
342945
342977
342979
343035
343066
343069
343071
343099
343169
343170
343171
343172
343173
343263
343406
343413
343450
343472
343521
343578
343637
343641
343702
343930
343990
344018
344022
344065
344148
344167
344191
344387
344558
344561
344657
344658
344752
344758
344787
344805
344807
344838
344892
344901
344905
345051
345062
345079
345193
345222
345274
345275
345456
345462
345557
345611
345630
345643
345651
345757
345778
345895
345930
346007
346157
346171
346288
346389
346517
346525
346528
346562
346606
346653
346673
346689
346702
347051
347088
347148
347168
347169
347240
347252
347273
347344
347365
347404
347411
347442
347454
347468
347475
347487
347516
347517
347527
347541
347549
347687
347688
347730
347731
347732
347733
347734
347735
347736
347741
347744
347853
347862
347902
348013
348093
348094
348110
348158
348174
348180
348235
348262
348303
348327
348378
348487
348654
348751
348793
348801
348807
348932
348938
348980
348995
349075
349136
349149
349565
349633
349667
350383
352909
352999
353088
353091
353116
353132
353133
353134
353135
353137
353141
353142
353143
353144
353145
353149
353164
353174
353189
353238
353274
353288
353299
353322
353323
353324
353332
353333
353345
353355
353376
353497
353500
353514
359710
359787
359845
359948
360023
360030
360200
360203
360205
360226
373156
373509
373863
374286
374291
374308
374354
374355
374378
374383
374393
374395
374403
374407
374454
374462
374470
374569
374618
374654
374655
374659
374739
374768
374786
374819
374860
374864
374868
374872
374875
374877
374879
374882
374887
374897
374899
374900
374907
374918
374920
374928
374946
374955
374969
374973
374977
374986
375033
375035
375056
375057
375061
375189
375190
375287
375298
375307
375316
375318
375323
375337
375341
375346
375387
375444
375449
375484
375519
375567
375593
375607
375611
375612
375616
375686
375704
375743
375748
375757
375759
375775
375790
375791
376132
376267
376497
376940
377007
377630
377677
377841
378108
378708
378807
378884
378925
386617
386618
386653
386675
386676
386677
386678
386679
386680
386681
386682
386683
386684
386685
386724
386746
387032
387082
387103
387104
387119
387129
387263
387264
387266
387267
387332
387338
387357
387496
387509
387521
387522
387597
387601
387640
387680
387694
387695
387700
387707
387712
387715
387718
387723
387733
387748
387755
387758
387763
387775
387778
387787
387804
387836
387837
387849
387856
387882
387885
387890
387893
387911
387914
387921
387923
387990
388015
388021
388115
388121
388125
388135
388228
388272
388284
388323
388324
388325
