715
716
717
718
719
720
721
722
725
726
727
728
729
730
731
732
733
734
735
738
740
741
744
745
746
747
752
753
754
755
757
758
759
760
761
762
763
765
766
767
768
770
771
773
774
775
776
777
778
779
780
781
782
783
784
785
786
788
790
793
794
795
796
797
799
800
801
805
808
810
811
813
814
815
816
817
818
819
820
821
822
823
824
825
826
827
828
829
830
831
832
833
834
835
836
837
838
839
840
841
842
843
844
845
846
847
857
858
859
860
861
862
863
864
865
866
867
868
869
871
873
874
875
881
883
885
886
887
889
890
891
892
894
896
898
899
900
901
902
904
905
908
909
910
911
912
913
914
915
916
917
919
920
921
922
923
924
925
926
928
929
930
931
932
933
939
940
941
942
943
944
945
946
947
948
949
950
951
952
953
954
955
956
957
958
959
960
961
962
963
965
966
967
968
969
970
971
972
973
974
975
976
977
978
983
984
987
988
989
990
991
993
994
995
996
997
998
999
1000
1001
1002
1003
1004
1005
1006
1007
1008
1009
1010
1012
1013
1014
1015
1016
1017
1018
1019
1020
1021
1022
1024
1025
1026
1027
1028
1029
1030
1031
1032
1033
1036
1039
1040
1041
1043
1044
1045
1046
1047
1048
1050
1051
1052
1053
1054
1056
1058
1059
1060
1062
1063
1066
1068
1069
1070
1071
1072
1073
1075
1080
1081
1084
1087
1088
1089
1101
1102
1103
1104
1105
1106
1107
1108
1109
1111
1112
1113
1114
1116
1117
1118
1119
1120
1121
1122
1123
1124
1128
1129
1130
1131
1132
1133
1134
1135
1136
1137
1138
1139
1140
1141
1142
1143
1144
1145
1146
1147
1149
1152
1153
1154
1155
1158
1159
1160
1161
1163
1164
1173
1174
1175
1176
1178
1179
1180
1181
1182
1183
1184
1185
1186
1187
1188
1191
1192
1193
1195
1196
1198
1200
1201
1203
1207
1208
1209
1211
1212
1213
1215
1230
1232
1233
1234
1235
1236
1237
1238
1240
1241
1244
1258
1259
1260
1261
1262
1263
1264
1265
1266
1267
1268
1269
1270
1271
1272
1277
1278
1280
1281
1282
1284
1285
1286
1287
1288
1289
1290
1291
1292
1293
1294
1295
1296
1297
1298
1299
1300
1301
1302
1303
1305
1306
1307
1308
1310
1311
1312
1314
1315
1316
1317
1318
1325
1326
1327
1329
1337
1339
1340
1345
1346
1347
1349
1350
1351
1352
1353
1355
1356
1357
1358
1359
1360
1361
1362
1363
1364
1365
1366
1368
1369
1370
1371
1373
1374
1375
1376
1378
1379
1380
1381
1382
1384
1385
1386
1387
1388
1389
1390
1392
1393
1394
1395
1396
1397
1398
1399
1400
1401
1404
