10260
10261
10262
10263
10265
10266
10267
10268
10269
10270
10272
10273
10274
10276
10277
10278
10279
10280
10282
10283
10284
10285
10286
10287
10288
10289
10290
10291
10293
10294
10295
10296
10297
10298
10299
10300
10302
10307
10308
10309
10311
10312
10313
10314
10316
10317
10318
10319
10320
10321
10322
10324
10325
10326
10327
10328
10329
10330
10331
10332
10333
10335
10336
10342
10343
10344
10345
10346
10347
10349
10350
10351
10352
10360
10361
10362
10363
10365
10367
10368
10369
10370
10371
10376
10379
10380
10381
10382
10383
10384
10385
10388
10389
10390
10391
10392
10393
10394
10395
10396
10397
10398
10399
10400
10401
10402
10403
10404
10406
10407
10409
10410
10411
10412
10413
10417
10418
10419
10420
10421
10422
10423
10424
10425
10426
10427
10428
10430
10432
10434
10435
10436
10437
10438
10439
10440
10443
10444
10445
10446
10447
10449
10450
10451
10452
10454
10455
10456
10457
10458
10459
10460
10461
10462
10463
10464
10465
10466
10467
10468
10469
10471
10472
10473
10474
10475
10476
10477
10478
10479
10480
10481
10482
10483
10484
10486
10487
10488
10489
10490
10491
10492
10493
10494
10495
10497
10498
10499
10500
10501
10505
10507
10509
10512
10513
10514
10516
10517
10518
10519
10520
10521
10522
10523
10524
10525
10526
10527
10528
10529
10531
10533
10534
10535
10536
10537
10538
10539
10540
10541
10542
10544
10548
10549
10550
10551
10552
10553
10554
10555
10556
10557
10558
10559
10560
10561
10562
10563
10564
10565
10566
10567
10568
10569
10570
10572
10573
10574
10575
10576
10577
10578
10579
10580
10581
10584
10585
10586
10587
10588
10589
10590
10591
10592
10594
10595
10597
10598
10599
10600
10602
10603
10605
10606
10607
10608
10609
10610
10611
10612
10613
10614
10615
10616
10617
10618
10620
10621
10622
10623
10625
10626
10627
10628
10629
10630
10631
10632
10633
10634
10635
10636
10637
10640
10641
10642
10643
10644
10645
10647
10648
10650
10651
10652
10653
10654
10655
10656
10657
10658
10659
10660
10661
10663
10664
10665
10666
10667
10668
10669
10670
10671
10672
10673
10675
10677
10678
10681
10682
10683
10686
10687
10690
10691
10692
10693
10694
10695
10699
10712
10713
10714
10715
10716
10717
10718
10721
10723
10724
10725
10726
10728
10730
10732
10733
10734
10735
10736
10738
10739
10741
10742
10743
10744
10745
10746
10747
10749
10750
10752
10753
10755
10758
10761
10762
10763
10765
10766
10767
10768
10769
10771
10772
10773
10775
10776
10777
10780
10781
10782
10783
10785
10786
10787
10788
10791
10793
10794
10795
10797
10798
10799
10800
10801
10802
10803
10804
10806
10807
10808
10809
10810
10811
10813
10814
10815
10816
10817
10818
10825
10826
10827
10838
10840
10841
10842
10844
10845
10846
10847
10848
10849
10850
10855
10856
10857
10858
10859
10861
10863
10864
10865
10867
10868
10869
10870
10871
10873
10874
10875
10876
10877
10878
10879
10880
10881
10882
10884
10885
10886
10887
10888
10890
10891
10892
10893
10894
10897
10898
10899
10900
10901
10902
10903
10904
10905
10906
10907
10908
