155051
155054
155061
155066
155184
155185
155368
155382
155435
155465
157285
157310
157313
157378
157506
157542
157567
157570
157574
157638
157657
157680
157695
157697
157724
157753
157769
157773
157777
157807
157848
157855
157869
157922
158038
158046
158056
158062
158067
158131
158135
158158
158219
158234
158248
158293
158297
158326
158358
158376
158399
158401
158405
158427
158431
158471
158506
158521
158584
158586
158724
158747
158763
158787
158798
158800
158809
158830
158833
158835
158866
158880
158931
158983
159013
159090
159091
159119
159195
159296
159371
159686
159963
159989
160065
160140
160287
160298
160335
160364
160365
160418
160419
160428
160492
160518
160622
160728
160760
160762
160777
160851
160857
160897
161003
161142
161145
161176
161198
161247
161253
161291
161357
161394
161424
161436
161497
161502
161514
161582
161725
161742
161753
161779
161823
161829
161835
161882
161931
162073
162083
162239
162282
162333
162387
162394
162417
162427
162461
162466
162494
162514
162515
162517
162540
162605
162655
162681
162962
162963
162966
162967
162968
162972
162979
162989
162993
162998
163033
163049
163050
163051
163059
163071
163081
163087
163126
163131
163154
163175
163183
163223
163227
163255
163259
163351
163404
163479
163486
163589
163590
163688
163702
163732
163747
163778
163782
163786
163859
163882
163933
164045
164091
164118
164127
164153
164237
164284
164312
164395
164592
164633
164656
164668
164684
164714
164781
164832
165055
165082
165100
165140
165186
165215
165257
165324
165530
165545
165631
165679
165721
165829
165904
165918
166012
166336
166348
166378
166379
166614
166647
166655
166752
166785
166793
166815
166824
166863
166929
166968
166979
167127
167153
167227
167359
167410
167465
167555
167681
167691
167826
167838
168002
168090
168374
168391
168400
168417
168433
168448
168451
168455
168507
168537
168544
168620
168667
168850
168975
169026
169044
169166
169200
169270
169355
169436
169522
169611
169693
169714
169792
169834
169841
169966
169981
170062
170067
170082
170261
170302
170370
170371
170384
170392
170394
170463
170482
170487
170506
170572
170575
170589
170591
170622
170626
170627
170679
170680
170685
170689
170690
170691
170692
170712
170825
170850
170954
170958
170960
170961
171017
171019
171023
171024
171169
171177
171222
171389
171392
171425
171482
171483
171484
171546
171558
171568
171586
192111
192134
192286
192666
192668
192669
192670
192683
195814
195827
195828
195977
196051
196074
196264
196294
196335
196374
196383
196385
196394
196403
196410
196441
196446
196463
196472
196477
196483
196500
196513
196527
196528
196541
196740
196743
196792
196883
196951
196996
197021
197131
197135
197257
197258
197259
197320
197322
197335
197342
197358
197370
197407
198437
199221
199223
199675
199692
199699
199704
199713
199720
199731
199745
199746
199777
199786
199800
199834
199857
199870
199920
199953
199964
199974
199990
200008
200010
200014
200030
200035
200081
200132
200150
200159
200162
200172
200185
200186
200205
200232
200312
200315
200316
200350
200373
200403
200407
200424
200504
200523
200539
200558
200576
200634
200726
200728
200734
200765
200844
200845
200879
200894
200895
200909
200916
200931
200933
200942
200958
200959
201134
201140
201158
201161
201163
201164
201176
201181
201191
201229
201232
201243
201254
201255
201266
201292
201294
201299
201305
201456
201475
201501
201514
201516
201562
201595
201625
201626
201627
201633
201725
