84190
84191
84193
84196
84197
84203
84206
84210
84215
84216
84217
84219
84221
84223
84224
84225
84226
84229
84230
84231
84232
84233
84236
84239
84240
84243
84245
84246
84247
84248
84249
84250
84251
84253
84254
84255
84256
84258
84259
84260
84261
84262
84263
84264
84265
84266
84267
84268
84269
84270
84271
84272
84273
84274
84275
84276
84277
84279
84280
84281
84282
84283
84284
84285
84286
84287
84288
84289
84290
84292
84293
84294
84295
84296
84298
84299
84300
84301
84302
84303
84304
84305
84306
84307
84309
84310
84311
84312
84313
84314
84315
84316
84317
84318
84319
84320
84321
84324
84326
84327
84328
84329
84330
84331
84332
84333
84334
84335
84336
84337
84340
84342
84343
84364
84365
84366
84376
84417
84418
84419
84432
84433
84435
84436
84437
84439
84440
84441
84443
84444
84445
84446
84447
84448
84449
84450
84451
84455
84456
84457
84458
84460
84461
84464
84465
84466
84467
84498
84501
84502
84503
84504
84513
84514
84515
84516
84517
84518
84519
84520
84522
84524
84525
84527
84528
84529
84530
84532
84539
84541
84542
84545
84547
84548
84549
84552
84553
84557
84560
84561
84569
84570
84572
84612
84614
84616
84617
84618
84619
84620
84622
84623
84624
84626
84627
84628
84629
84630
84631
84632
84634
84636
84639
84640
84641
84643
84645
84647
84648
84649
84650
84651
84654
84656
84658
84659
84660
84661
84662
84665
84666
84667
84668
84669
84671
84674
84675
84676
84678
84679
84680
84681
84684
84687
84688
84689
84690
84691
84692
84693
84694
84695
84696
84698
84699
84700
84701
84705
84706
84707
84708
84709
84717
84720
84722
84725
84726
84727
84733
84734
84735
84747
84749
84750
84752
84759
84765
84766
84767
84769
84773
84775
84779
84787
84790
84792
84795
84803
84804
84807
84808
84811
84812
84814
84816
84817
84818
84823
84824
84826
84830
84833
84836
84838
84839
84842
84844
84851
84858
84859
84861
84864
84865
84866
84867
84868
84869
84870
84871
84872
84873
84874
84875
84876
84878
84879
84881
84883
84885
84886
84888
84889
84890
84891
84892
84893
84894
84895
84896
84897
84898
84899
84900
84901
84902
84904
84905
84908
84909
84910
84911
84912
84913
84914
84915
84916
84918
84919
84920
84922
84923
84924
84925
84926
84928
84929
84930
84932
84933
84934
84935
84936
84937
84938
84939
84940
84941
84942
84944
84945
84946
84947
84948
84950
84951
84952
84954
84955
84957
84958
84959
84960
84961
84962
84964
84966
84967
84968
84969
84970
84971
84975
84976
84978
84984
84985
84986
84987
84988
84991
84992
84993
85004
85007
85012
85013
85014
85015
85016
85019
85021
85025
85027
85235
85236
85280
85285
85289
85290
85291
85293
85300
85301
85302
85313
85315
85320
85329
85352
85354
85358
85359
85360
85363
85364
85365
85366
85369
85377
85378
85379
85395
85397
85403
85406
85407
85409
85413
85414
85415
85416
85417
85437
85438
85439
85440
85441
85442
85443
85444
85445
85446
85449
85450
85451
85452
85453
85455
85456
85457
85458
85459
85460
85461
85462
85463
85464
85465
85474
85476
85477
85478
85479
85480
85481
85508
85509
85569
85865
