55008
55009
55010
55011
55012
55013
55014
55015
55016
55017
55018
55020
55022
55023
55024
55026
55027
55028
55030
55031
55032
55033
55034
55035
55036
55037
55038
55039
55040
55041
55048
55049
55051
55052
55054
55055
55057
55061
55062
55063
55064
55065
55066
55068
55069
55070
55071
55072
55074
55075
55076
55079
55080
55081
55082
55083
55084
55086
55088
55089
55090
55092
55093
55094
55095
55096
55100
55101
55102
55103
55105
55106
55107
55108
55109
55110
55111
55112
55113
55114
55116
55117
55118
55119
55120
55122
55124
55125
55127
55128
55129
55130
55131
55132
55133
55135
55137
55138
55139
55140
55142
55143
55144
55145
55146
55147
55148
55149
55150
55151
55152
55153
55154
55156
55157
55159
55160
55161
55163
55164
55165
55166
55167
55168
55170
55171
55172
55173
55174
55175
55176
55177
55178
55179
55180
55181
55182
55183
55184
55186
55187
55188
55190
55191
55192
55193
55194
55195
55196
55197
55198
55200
55201
55203
55204
55205
55206
55207
55208
55209
55210
55211
55212
55213
55214
55215
55216
55217
55218
55219
55220
55222
55223
55224
55225
55226
55227
55228
55229
55230
55231
55233
55234
55236
55237
55238
55239
55240
55243
55244
55245
55246
55247
55248
55249
55250
55251
55252
55253
55254
55255
55256
55257
55258
55259
55260
55262
55266
55268
55269
55270
55272
55273
55274
55275
55276
55277
55278
55279
55280
55281
55282
55283
55284
55285
55286
55287
55288
55289
55290
55291
55293
55294
55295
55296
55297
55298
55299
55300
55301
55303
55304
55308
55311
55312
55313
55314
55315
55316
55317
55319
55320
55321
55322
55323
55324
55325
55326
55327
55328
55329
55330
55331
55332
55333
55334
55335
55336
55337
55339
55340
55341
55342
55343
55344
55345
55346
55347
55349
55351
55352
55353
55355
55356
55357
55359
55361
55362
55363
55364
55365
55366
55367
55374
55379
55388
55421
55422
55423
55425
55432
55435
55437
55450
55454
55466
55471
55486
55500
55501
55502
55503
55504
55505
55506
55507
55508
55509
55510
55511
55512
55515
55520
55521
55526
55527
55529
55530
55531
55532
55534
55536
55540
55544
55552
55553
55554
55556
55558
55559
55561
55565
55567
55568
55571
55572
55573
55576
55577
55578
55582
55584
55585
55586
55588
55589
55591
55593
55596
55599
55600
55601
55602
55603
55604
55605
55607
55608
55609
55610
55611
55612
55613
55614
55615
55616
55617
55619
55620
55621
55622
55623
55624
55625
55626
55627
55628
55629
55630
55631
55632
55633
55634
55635
55636
55638
55640
55643
55644
55646
55647
55650
55651
55652
55653
55654
55655
55656
55657
55658
55659
55660
55661
55662
55663
55664
55665
55666
55667
55668
55669
55670
55671
55672
55676
55677
55679
55680
55681
55683
55684
55686
55687
55689
55690
55691
55692
55693
55695
55696
55697
55698
55699
55700
55701
55702
55703
55704
55705
55706
55707
55709
55711
55713
55714
55715
55716
55717
55718
55719
55720
55721
55722
55723
55726
55727
55728
55729
55731
55732
55733
55734
55735
55737
55738
55739
55740
55741
55742
55743
55744
55745
55746
55748
55749
55750
55751
55752
55753
