2137
2138
2139
2140
2145
2146
2147
2149
2150
2151
2152
2153
2155
2157
2158
2159
2160
2161
2162
2165
2166
2167
2168
2169
2170
2171
2172
2173
2175
2176
2177
2178
2180
2181
2182
2184
2185
2186
2187
2188
2189
2191
2192
2193
2194
2195
2196
2197
2199
2200
2201
2202
2203
2204
2205
2206
2207
2208
2209
2212
2213
2214
2215
2217
2218
2219
2220
2222
2224
2230
2232
2235
2237
2239
2241
2242
2243
2244
2245
2246
2247
2248
2249
2250
2251
2252
2253
2254
2255
2256
2257
2258
2259
2260
2261
2262
2263
2264
2266
2267
2268
2271
2272
2273
2274
2275
2277
2280
2281
2286
2287
2288
2289
2290
2294
2295
2296
2297
2298
2299
2300
2301
2302
2303
2304
2305
2306
2307
2308
2309
2310
2312
2313
2314
2315
2316
2317
2318
2319
2321
2322
2323
2324
2326
2327
2328
2329
2330
2331
2332
2334
2335
2339
2342
2346
2348
2350
2352
2353
2354
2355
2356
2357
2358
2359
2395
2444
2475
2483
2487
2488
2491
2492
2494
2495
2512
2515
2516
2517
2519
2520
2521
2523
2524
2525
2526
2527
2528
2529
2530
2531
2532
2533
2534
2535
2537
2538
2539
2542
2547
2548
2549
2550
2551
2553
2554
2555
2556
2557
2558
2559
2560
2561
2562
2563
2564
2565
2566
2567
2568
2569
2570
2571
2572
2580
2581
2582
2583
2584
2585
2587
2588
2589
2590
2591
2592
2593
2595
2596
2597
2615
2617
2618
2619
2620
2621
2622
2623
2624
2625
2626
2627
2628
2629
2631
2632
2633
2634
2635
2636
2637
2638
2639
2641
2642
2643
2644
2645
2646
2647
2648
2649
2650
2651
2652
2653
2657
2658
2660
2661
2662
2664
2665
2668
2669
2670
2671
2672
2673
2674
2675
2676
2677
2678
2681
2683
2686
2687
2688
2689
2690
2691
2692
2693
2694
2695
2696
2697
2700
2701
2702
2703
2705
2706
2707
2709
2710
2712
2713
2717
2719
2720
2729
2730
2731
2733
2734
2735
2736
2737
2738
2739
2740
2741
2742
2743
2744
2745
2746
2747
2752
2760
2762
2764
2765
2766
2767
2768
2769
2770
2771
2773
2774
2775
2776
2778
2779
2780
2781
2782
2783
2784
2785
2786
2787
2788
2790
2791
2792
2793
2794
2796
2797
2798
2799
2800
2801
2802
2803
2804
2805
2806
2810
2811
2812
2813
2814
2815
2817
2819
2820
2821
2822
2823
2824
2825
2826
2827
2828
2829
2830
2831
2832
2833
2834
2835
2837
2838
2840
2841
2842
2843
2844
2845
2846
2847
2848
2849
2850
2852
2853
2854
2856
2857
2859
2861
2862
2863
2864
2865
2867
2868
2869
2870
2872
2873
2874
2875
2876
2877
2878
2879
2880
2882
2885
2886
2887
2888
2889
2890
2891
2892
2893
2894
2895
2896
2897
2898
2899
2900
2901
2902
2903
2904
2905
2906
2907
2908
2909
2911
2912
2913
2914
2915
2916
2917
2918
2919
2920
2921
2922
2923
2925
2926
2928
2931
2932
2934
2935
2936
