55754
55755
55756
55757
55758
55759
55760
55761
55762
55763
55764
55765
55766
55768
55769
55770
55771
55773
55775
55776
55777
55778
55779
55780
55781
55783
55784
55785
55786
55787
55788
55789
55790
55791
55793
55794
55795
55796
55798
55799
55800
55801
55802
55803
55805
55806
55808
55809
55810
55811
55812
55813
55814
55815
55816
55818
55819
55821
55823
55824
55825
55827
55829
55830
55831
55832
55833
55835
55837
55839
55840
55841
55843
55844
55845
55846
55847
55848
55850
55851
55852
55854
55856
55857
55858
55859
55860
55861
55862
55863
55867
55869
55870
55871
55872
55876
55879
55884
55885
55888
55889
55890
55891
55892
55893
55894
55897
55898
55900
55901
55902
55904
55905
55906
55907
55908
55909
55911
55914
55915
55916
55917
55920
55922
55924
55929
55930
55937
55954
55957
55958
55959
55964
55966
55967
55968
55969
55970
55971
55972
55973
55974
55975
55997
56000
56005
56006
56033
56034
56052
56061
56062
56063
56097
56098
56099
56100
56101
56102
56103
56104
56105
56106
56107
56108
56109
56110
56111
56112
56113
56114
56121
56122
56123
56124
56125
56126
56127
56128
56129
56130
56131
56132
56133
56134
56135
56136
56137
56138
56139
56140
56141
56142
56143
56144
56145
56146
56147
56154
56155
56156
56157
56158
56159
56160
56163
56164
56165
56169
56171
56172
56180
56181
56203
56204
56241
56242
56243
56244
56245
56246
56252
56253
56254
56255
56256
56257
56259
56261
56262
56265
56267
56269
56270
56271
56287
56288
56300
56301
56302
56311
56339
56341
56342
56344
56413
56474
56475
56477
56478
56479
56521
56547
56548
56603
56605
56606
56616
56623
56624
56647
56648
56649
56650
56652
56654
56655
56656
56658
56659
56660
56666
56667
56670
56672
56673
56674
56675
56676
56681
56683
56704
56729
56731
56751
56776
56829
56832
56833
56834
56848
56849
56850
56851
56852
56853
56882
56884
56886
56888
56889
56890
56891
56892
56893
56894
56895
56896
56897
56898
56899
56900
56901
56902
56903
56904
56905
56906
56907
56910
56911
56912
56913
56914
56915
56916
56917
56919
56920
56922
56923
56924
56925
56926
56927
56928
56929
56931
56934
56935
56936
56937
56938
56940
56941
56942
56943
56944
56945
56946
56947
56948
56949
56950
56951
56952
56953
56954
56955
56956
56957
56961
56963
56964
56965
56967
56970
56971
56975
56977
56978
56979
56980
56981
56983
56984
56985
56986
56987
56990
56992
56993
56994
56995
56996
56997
56998
56999
57001
57002
57003
57007
57010
57016
57017
57018
57019
57020
57026
57030
57035
57037
57038
57045
57047
57048
57050
57053
57057
57060
57062
57082
57084
57085
57088
57089
57091
57092
57094
57095
57096
57097
57099
57101
57102
57103
57104
57105
57106
57107
57109
57110
57111
57113
57115
57116
57117
57118
57119
57120
57121
57122
57124
57125
57126
57127
57128
57129
57130
57132
57134
57136
57139
57140
57142
57143
57144
57146
57147
57148
57149
57150
57151
57152
57153
57154
57156
57157
57158
57159
57161
57162
57165
57167
57168
57169
57171
57172
57175
57176
57178
57179
57180
57181
57182
57184
57185
57186
57187
