10910
10911
10912
10913
10914
10915
10916
10917
10919
10920
10921
10922
10923
10924
10926
10927
10928
10929
10930
10933
10935
10936
10938
10939
10940
10941
10942
10943
10944
10945
10946
10947
10948
10949
10950
10951
10952
10953
10954
10955
10956
10957
10959
10960
10961
10962
10963
10964
10965
10966
10969
10970
10971
10972
10973
10974
10975
10978
10979
10980
10981
10982
10983
10985
10987
10988
10989
10990
10991
10992
10993
10994
10998
10999
11000
11001
11004
11005
11006
11007
11009
11010
11011
11012
11013
11014
11015
11016
11017
11018
11019
11020
11021
11022
11023
11024
11025
11026
11027
11030
11031
11033
11034
11035
11036
11037
11040
11041
11043
11044
11045
11046
11047
11051
11052
11054
11055
11056
11057
11059
11060
11061
11062
11063
11064
11065
11066
11067
11068
11069
11070
11072
11073
11074
11075
11076
11077
11078
11079
11080
11081
11082
11083
11085
11086
11091
11092
11093
11094
11095
11096
11097
11098
11099
11100
11101
11102
11103
11104
11105
11107
11108
11112
11113
11116
11117
11118
11119
11120
11122
11123
11124
11126
11127
11128
11129
11130
11131
11132
11133
11135
11136
11137
11138
11140
11141
11142
11143
11144
11145
11146
11148
11149
11151
11152
11153
11154
11155
11156
11157
11158
11159
11160
11161
11162
11163
11164
11165
11166
11167
11168
11169
11170
11171
11172
11173
11174
11176
11177
11178
11179
11180
11181
11182
11183
11184
11185
11186
11187
11188
11189
11190
11193
11194
11196
11197
11198
11199
11200
11201
11202
11211
11212
11213
11214
11215
11216
11218
11219
11221
11222
11224
11226
11227
11228
11230
11231
11232
11234
11235
11236
11237
11238
11240
11243
11244
11245
11247
11248
11249
11250
11251
11252
11253
11254
11255
11258
11259
11260
11261
11262
11264
11266
11267
11269
11270
11272
11273
11274
11275
11276
11277
11278
11279
11280
11281
11282
11283
11284
11285
11309
11311
11313
11314
11315
11316
11317
11318
11319
11320
11321
11322
11325
11326
11328
11329
11330
11331
11332
11333
11334
11335
11336
11337
11338
11339
11340
11341
11342
11343
11344
11345
11346
22794
22795
22796
22797
22798
22800
22801
22802
22803
22806
22807
22808
22809
22818
22820
22821
22822
22823
22824
22826
22827
22828
22829
22832
22834
22835
22836
22837
22838
22839
22841
22843
22844
22845
22846
22847
22848
22849
22850
22852
22853
22854
22856
22858
22859
22861
22862
22863
22864
22865
22866
22868
22869
22870
22871
22872
22873
22874
22875
22876
22877
22878
22879
22880
22881
22882
22883
22884
22885
22887
22888
22889
22890
22891
22893
22894
22895
22897
22898
22899
22900
22901
22902
22903
22904
22905
22906
22907
22908
22909
22911
22913
22914
22915
22916
22917
22918
22919
22920
22921
22924
22925
22926
22927
22928
22929
22930
22931
22932
22933
22934
22936
22937
22938
22941
22943
22944
22948
22949
22950
22953
22954
22955
22974
22976
22977
22978
22979
22980
22981
22982
22983
22984
22985
22986
22987
22989
22990
22992
22993
22994
22995
22996
22997
22998
22999
23001
23002
23005
23007
23008
23011
23012
23013
23014
23015
