6588
6590
6591
6594
6595
6596
6597
6598
6599
6601
6602
6603
6604
6605
6606
6607
6608
6609
6610
6611
6612
6613
6614
6615
6616
6617
6618
6619
6620
6621
6622
6623
6624
6625
6626
6627
6628
6629
6631
6632
6633
6634
6635
6636
6637
6638
6640
6641
6642
6643
6645
6646
6647
6648
6649
6650
6651
6652
6653
6654
6655
6656
6657
6658
6659
6660
6662
6663
6664
6665
6666
6667
6668
6670
6671
6672
6674
6675
6676
6677
6678
6683
6687
6688
6689
6690
6691
6692
6693
6694
6695
6696
6697
6698
6699
6700
6701
6703
6704
6705
6706
6707
6708
6709
6710
6711
6712
6713
6714
6715
6716
6717
6718
6720
6721
6722
6723
6725
6726
6727
6728
6729
6730
6731
6732
6733
6734
6736
6737
6738
6741
6742
6744
6745
6746
6747
6748
6749
6750
6751
6752
6753
6754
6755
6759
6760
6764
6767
6768
6769
6770
6772
6773
6774
6775
6776
6777
6778
6779
6780
6781
6782
6783
6785
6786
6787
6788
6789
6790
6792
6793
6794
6795
6799
6801
6804
6809
6810
6811
6812
6813
6814
6815
6817
6818
6819
6820
6821
6822
6827
6829
6830
6832
6833
6834
6835
6836
6837
6838
6839
6840
6843
6844
6845
6846
6847
6850
6853
6854
6855
6856
6857
6860
6861
6862
6863
6865
6866
6867
6868
6869
6870
6871
6872
6873
6874
6875
6876
6877
6878
6879
6880
6881
6882
6883
6884
6885
6886
6887
6888
6890
6891
6892
6894
6895
6897
6898
6899
6900
6901
6902
6903
6904
6905
6906
6907
6908
6909
6910
6911
6913
6915
6916
6917
6919
6920
6921
6923
6924
6925
6926
6927
6928
6929
6932
6934
6935
6936
6938
6939
6940
6941
6942
6943
6944
6945
6947
6948
6949
6950
6954
6975
6988
6990
6991
6992
6993
6996
6997
6998
6999
7001
7003
7004
7005
7006
7007
7008
7009
7010
7011
7013
7014
7015
7016
7018
7019
7020
7021
7022
7023
7024
7025
7026
7027
7029
7030
7031
7032
7033
7035
7036
7037
7038
7039
7040
7041
7042
7043
7044
7045
7046
7047
7048
7049
7050
7051
7052
7053
7054
7056
7057
7058
7059
7060
7062
7064
7066
7067
7068
7069
7070
7071
7072
7073
7074
7075
7076
7077
7078
7079
7080
7082
7083
7084
7086
7087
7088
7089
7090
7091
7092
7093
7094
7095
7096
7097
7098
7099
7100
7101
7102
7103
7104
7105
7106
7107
7108
7109
7110
7111
7112
7113
7114
7122
7123
7124
7125
7126
7127
7128
7130
7132
7133
7134
7135
7136
7137
7138
7139
7140
7141
7142
7143
7145
7148
7150
7153
7155
7156
7157
7158
7159
7161
7162
7163
7164
7165
7166
7167
7168
7169
7170
7171
7172
7173
7174
7175
7177
7178
7180
7181
7182
7184
7185
7186
7187
7188
7189
7200
7201
7203
7204
7205
7216
7220
7222
7223
7224
7225
7226
7227
7247
7248
7249
7251
7252
7253
7257
7259
7260
7262
7263
7264
7265
7266
7267
7268
7270
