27023
27030
27031
27032
27033
27034
27035
27036
27037
27039
27040
27042
27043
27044
27063
27065
27067
27068
27069
27071
27072
27074
27075
27076
27077
27079
27085
27086
27087
27089
27090
27091
27092
27094
27095
27097
27098
27101
27102
27106
27107
27109
27111
27112
27113
27115
27120
27121
27122
27123
27124
27125
27127
27128
27129
27130
27131
27132
27133
27134
27136
27141
27143
27145
27146
27147
27148
27151
27152
27153
27154
27156
27158
27159
27161
27163
27164
27165
27166
27173
27175
27177
27178
27179
27180
27181
27183
27185
27189
27190
27197
27198
27199
27201
27202
27229
27230
27231
27232
27233
27235
27236
27237
27238
27239
27240
27241
27242
27243
27244
27245
27246
27247
27248
27249
27250
27252
27253
27254
27255
27257
27258
27283
27284
27285
27286
27287
27288
27289
27290
27291
27292
27293
27294
27295
27296
27297
27299
27300
27301
27302
27303
27304
27306
27309
27314
27315
27316
27319
27324
27327
27328
27329
27330
27332
27333
27334
27335
27336
27338
27339
27340
27341
27342
27343
27344
27345
27346
27347
27348
27349
27350
27351
27352
27429
27430
27433
27434
27436
27439
27440
27443
27445
28227
28231
28232
28234
28316
28511
28512
28513
28514
28951
28952
28954
28955
28956
28957
28958
28959
28960
28962
28964
28965
28966
28968
28969
28970
28971
28972
28973
28974
28976
28977
28978
28981
28982
28983
28984
28985
28986
28987
28988
28989
28990
28991
28992
28996
28998
28999
29015
29028
29035
29057
29058
29062
29063
29066
29068
29070
29071
29072
29074
29078
29079
29080
29081
29082
29083
29085
29086
29087
29088
29089
29090
29091
29093
29094
29095
29097
29098
29099
29100
29101
29102
29103
29104
29105
29106
29107
29108
29109
29110
29113
29114
29115
29116
29117
29118
29119
29121
29122
29123
29124
29125
29126
29127
29128
29760
29761
29763
29765
29766
29767
29775
29777
29780
29781
29785
29789
29796
29799
29800
29801
29802
29803
29841
29842
29843
29844
29850
29851
29855
29880
29881
29882
29883
29886
29887
29888
29889
29890
29893
29894
29895
29896
29899
29901
29902
29903
29904
29906
29907
29909
29911
29914
29915
29916
29919
29920
29922
29923
29924
29925
29926
29927
29928
29929
29930
29933
29934
29935
29937
29940
29941
29942
29943
29944
29945
29946
29947
29948
29949
29950
29951
29952
29953
29954
29956
29957
29958
29959
29960
29964
29965
29966
29967
29968
29969
29970
29974
29978
29979
29980
29982
29984
29985
29986
29988
29989
29990
29991
29992
29993
29994
29995
29997
29998
29999
30000
30001
30008
30009
30010
30011
30012
30061
30062
30811
30812
30813
30814
30815
30816
30817
30818
30819
30820
30827
30832
30833
30834
30835
30836
30837
30844
30845
30846
30848
30849
30850
30851
30968
43847
43849
49854
49855
49856
49860
49861
50484
50485
50486
50487
50488
50489
50506
50507
50508
50509
50511
50512
50515
50604
50613
50614
50615
50616
50617
50618
50619
50624
50626
50628
50632
50636
50640
50649
50650
50651
50674
50700
50717
50801
50804
50805
50807
50808
50809
50810
50813
50814
50831
50832
50833
50834
50835
50836
50837
