87178
87769
88455
88745
89122
89765
89766
89777
89778
89780
89781
89782
89790
89792
89795
89796
89797
89801
89822
89832
89839
89845
89846
89848
89849
89853
89857
89858
89866
89869
89870
89872
89874
89876
89882
89884
89885
89886
89887
89890
89891
89894
89910
89927
89932
89941
89944
89953
89958
89970
89978
90007
90019
90025
90050
90060
90070
90075
90102
90113
90120
90121
90134
90135
90139
90141
90161
90167
90187
90196
90199
90203
90204
90226
90231
90233
90249
90268
90273
90288
90293
90313
90316
90317
90321
90324
90326
90332
90333
90338
90342
90353
90355
90362
90378
90379
90381
90390
90407
90410
90411
90416
90417
90423
90427
90441
90459
90480
90485
90488
90506
90507
90522
90523
90525
90527
90529
90550
90557
90576
90580
90589
90592
90594
90624
90625
90627
90634
90637
90639
90649
90665
90668
90673
90678
90693
90701
90736
90737
90780
90799
90806
90809
90826
90827
90835
90843
90850
90853
90861
90864
90865
90871
90874
90933
90952
90956
90957
90987
90990
90993
91010
91012
91039
91050
91056
91057
91074
91107
91120
91133
91137
91147
91151
91156
91179
91181
91227
91252
91272
91283
91289
91298
91300
91304
91319
91351
91368
91369
91373
91392
91404
91408
91409
91419
91433
91442
91445
91452
91461
91464
91522
91523
91526
91543
91544
91574
91582
91584
91603
91607
91608
91612
91614
91624
91646
91647
91653
91661
91662
91663
91664
91683
91687
91689
91694
91703
91734
91746
91748
91749
91750
91752
91754
91768
91775
91782
91801
91807
91828
91833
91851
91860
91862
91869
91875
91893
91894
91937
91942
91947
91949
91966
91975
91977
91978
92002
92014
92017
92086
92092
92104
92105
92106
92126
92129
92140
92154
92162
92170
92181
92196
92211
92235
92241
92255
92259
92283
92285
92291
92292
92293
92304
92305
92312
92335
92340
92342
92344
92345
92346
92359
92369
92370
92399
92400
92421
92482
92483
92521
92552
92558
92565
92579
92591
92595
92597
92609
92610
92667
92675
92689
92691
92703
92714
92715
92736
92737
92745
92747
92749
92797
92799
92815
92822
92840
92856
92906
92912
92922
92935
92949
92960
92979
92999
93010
93034
93035
93058
93081
93082
93099
93100
93107
93109
93129
93134
93145
93166
93183
93185
93190
93210
93233
93273
93323
93343
93349
93377
93380
93408
93426
93432
93436
93474
93487
93492
93517
93550
93587
93589
93594
93611
93621
93622
93624
93627
93643
93649
93650
93661
93663
93664
93953
93973
93974
93978
93979
93986
94005
94015
94025
94026
94030
94031
94032
94033
94039
94056
94059
94081
94086
94097
94101
94103
94104
94107
94120
94121
94122
94134
94137
94160
94233
94234
94235
94239
94240
94241
94274
95681
96459
96764
103910
112398
112399
112464
112476
112479
112483
112487
112495
112574
112609
112611
112616
112703
112714
112724
112744
112752
112755
112770
112802
112812
112817
112840
112849
112858
112869
112885
112936
112937
112939
112942
112950
112970
113000
113026
113091
113115
113130
113146
113174
113177
113178
113179
113189
113201
113220
113230
113235
113246
113251
113263
113277
113278
113402
113419
113444
113451
113452
113457
113510
113540
113612
113622
113655
113675
