80320
80321
80323
80324
80325
80326
80328
80329
80331
80332
80333
80335
80336
80339
80341
80342
80343
80344
80345
80346
80347
80349
80351
80352
80380
80381
80700
80704
80705
80709
80712
80714
80723
80724
80725
80726
80727
80728
80731
80736
80737
80739
80740
80741
80742
80745
80746
80755
80757
80758
80759
80760
80762
80763
80764
80765
80772
80774
80775
80776
80777
80778
80781
80789
80790
80816
80817
80818
80820
80821
80823
80824
80829
80830
80831
80832
80833
80834
80835
80851
80852
80853
80854
80856
80863
80864
80895
80896
80975
81025
81027
81029
81030
81031
81033
81034
81035
81037
81050
81061
81127
81168
81248
81282
81285
81300
81309
81318
81327
81328
81341
81392
81442
81448
81466
81469
81470
81472
81488
81490
81491
81492
81493
81494
81501
81502
81532
81533
81537
81539
81542
81543
81544
81545
81550
81551
81552
81553
81554
81555
81556
81558
81559
81562
81563
81565
81566
81567
81569
81570
81572
81573
81575
81576
81577
81578
81579
81602
81603
81605
81606
81607
81608
81609
81610
81611
81614
81615
81616
81617
81618
81619
81620
81621
81622
81623
81624
81626
81627
81628
81629
81631
81669
81671
81688
81689
81691
81693
81696
81697
81704
81706
81786
81788
81789
81790
81792
81793
81794
81796
81797
81831
81832
81833
81839
81844
81846
81847
81848
81849
81850
81851
81853
81855
81856
81857
81858
81871
81872
81873
81875
81876
81887
81888
81889
81890
81892
81894
81926
81928
81929
81930
81931
81932
83394
83401
83416
83417
83439
83440
83442
83443
83444
83445
83446
83447
83448
83449
83450
83451
83452
83460
83461
83463
83464
83468
83473
83475
83478
83479
83480
83481
83482
83483
83538
83539
83540
83541
83543
83544
83546
83547
83548
83549
83550
83551
83552
83590
83591
83592
83593
83594
83595
83596
83597
83604
83605
83606
83607
83608
83636
83637
83638
83639
83640
83641
83642
83643
83648
83650
83657
83658
83659
83660
83661
83666
83667
83690
83692
83693
83694
83695
83696
83697
83698
83699
83700
83706
83707
83714
83715
83716
83719
83723
83729
83732
83733
83734
83737
83740
83741
83742
83743
83744
83746
83752
83756
83758
83759
83786
83787
83795
83844
83849
83850
83851
83852
83853
83854
83855
83856
83857
83858
83860
83861
83862
83871
83872
83873
83874
83875
83876
83877
83878
83879
83881
83882
83884
83886
83887
83888
83889
83890
83891
83892
83893
83894
83895
83896
83897
83899
83900
83902
83903
83930
83931
83932
83933
83937
83938
83939
83940
83941
83942
83943
83953
83959
83982
83983
83985
83986
83987
83988
83989
83990
83992
83998
83999
84000
84002
84033
84034
84056
84057
84058
84059
84060
84061
84062
84063
84064
84065
84066
84067
84068
84069
84070
84071
84072
84073
84074
84075
84076
84077
84078
84079
84080
84081
84083
84084
84085
84100
84101
84102
84103
84105
84106
84107
84108
84109
84124
84125
84126
84128
84129
84131
84132
84133
84134
84135
84138
84140
84141
84142
84144
84146
84148
84152
84153
84154
84159
84162
84163
84164
84166
84167
84168
84171
84172
84173
84174
84176
84179
84181
84182
84186
84187
84188
84189
