57188
57189
57190
57191
57192
57194
57198
57205
57209
57210
57211
57213
57214
57215
57216
57217
57221
57222
57223
57224
57226
57228
57231
57232
57282
57325
57326
57332
57333
57335
57336
57337
57338
57343
57348
57369
57379
57380
57381
57393
57396
57402
57403
57404
57405
57406
57407
57408
57409
57410
57412
57413
57414
57415
57418
57419
57446
57447
57448
57449
57451
57452
57453
57455
57456
57458
57459
57460
57461
57462
57463
57464
57465
57466
57467
57468
57469
57470
57471
57472
57473
57474
57475
57476
57477
57478
57479
57480
57481
57482
57484
57486
57488
57489
57491
57492
57493
57494
57495
57496
57497
57498
57501
57502
57504
57505
57506
57507
57508
57509
57510
57511
57512
57513
57514
57515
57519
57520
57521
57522
57523
57524
57526
57528
57529
57530
57531
57532
57533
57534
57535
57536
57537
57538
57539
57540
57541
57542
57544
57545
57546
57547
57549
57551
57552
57553
57554
57555
57556
57558
57559
57560
57561
57562
57563
57565
57567
57568
57569
57570
57571
57572
57573
57574
57575
57576
57577
57578
57579
57580
57582
57583
57584
57585
57586
57587
57589
57590
57591
57592
57593
57594
57595
57596
57597
57599
57600
57602
57604
57605
57606
57608
57609
57610
57611
57613
57614
57616
57617
57619
57620
57621
57622
57623
57624
57626
57628
57630
57631
57633
57634
57636
57639
57642
57643
57644
57645
57646
57647
57648
57649
57650
57654
57655
57657
57658
57659
57661
57662
57663
57664
57665
57666
57669
57670
57673
57674
57677
57678
57679
57680
57683
57684
57685
57687
57688
57689
57690
57691
57692
57693
57695
57696
57697
57698
57699
57700
57701
57703
57704
57705
57706
57707
57708
57709
57710
57711
57713
57715
57716
57717
57718
57719
57720
57721
57722
57724
57727
57728
57731
57732
57733
57758
57761
57763
57786
57787
57794
57795
57798
57799
57801
57804
57805
57817
57818
57819
57820
57821
57822
57823
57824
57826
57827
57828
57829
57830
57834
57835
57862
57863
57864
58155
58157
58158
58189
58190
58191
58472
58473
58475
58476
58477
58478
58480
58484
58485
58486
58487
58488
58489
58490
58491
58492
58493
58494
58495
58496
58497
58498
58499
58500
58503
58504
58505
58506
58508
58509
58510
58511
58512
58513
58515
58516
58517
58524
58525
58526
58527
58528
58529
58530
58531
58533
58538
58985
58986
59067
59082
59084
59269
59271
59272
59274
59277
59283
59284
59285
59286
59307
59335
59336
59338
59339
59340
59341
59342
59343
59344
59345
59348
59349
59350
59351
59352
59353
60312
60313
60314
60343
60370
60385
60386
60401
60412
60436
60437
60468
60481
60482
60484
60485
60487
60488
60489
60490
60491
60492
60493
60494
60495
60496
60506
60509
60526
60528
60529
60558
60559
60560
60561
60592
60598
60625
60626
60672
60673
60675
60676
60677
60678
60680
60681
60682
60684
60685
60686
63027
63035
63036
63826
63827
63874
63875
63876
63877
63891
63892
63893
63894
63895
63897
63898
63899
63901
63904
63905
63906
63908
63910
63915
63916
63917
63920
63922
63923
63924
63925
63926
63928
63929
63931
63932
63933
63934
63935
63939
63940
63941
