1
2
9
10
12
13
14
15
16
18
19
20
21
22
23
24
25
26
27
28
29
30
31
32
33
34
35
36
37
38
39
40
41
43
47
48
49
50
51
52
53
54
55
56
58
59
60
70
71
72
81
86
87
88
89
90
91
92
93
94
95
97
98
100
101
102
103
104
105
107
108
109
111
112
113
114
115
116
117
118
119
120
123
125
126
127
128
130
131
132
133
134
135
136
140
141
142
143
146
147
148
150
151
152
153
154
155
156
157
158
159
160
161
162
163
164
165
166
167
173
174
175
176
177
178
181
182
183
185
186
187
189
190
191
196
197
199
202
203
204
205
207
208
210
211
212
213
214
215
216
217
218
219
220
221
222
223
224
225
226
229
230
231
238
239
240
241
242
246
247
248
249
250
251
257
258
259
262
265
266
267
268
269
270
271
272
273
274
275
276
279
280
283
284
285
286
287
288
290
291
292
293
301
302
306
307
308
309
310
311
312
313
314
316
317
318
319
320
321
322
323
324
325
326
327
328
329
330
331
332
333
334
335
336
337
338
339
341
343
344
345
346
347
348
350
351
353
354
355
356
357
358
359
360
361
362
363
364
366
367
368
369
372
373
374
375
377
378
379
381
382
383
384
387
388
389
390
391
392
393
394
395
396
397
398
399
400
401
402
403
405
406
407
408
409
410
411
412
414
415
416
417
419
420
421
427
429
430
432
433
434
435
438
439
440
443
444
445
460
462
463
466
467
468
471
472
473
474
475
476
477
478
479
480
481
482
483
486
487
488
489
490
491
492
493
495
496
498
501
506
509
513
514
515
516
517
518
521
522
523
525
526
527
528
529
533
534
535
537
538
539
540
545
546
547
549
550
551
552
553
554
558
563
566
567
570
571
572
573
575
576
577
578
579
580
581
582
583
585
586
587
590
593
594
595
596
597
598
599
602
604
605
607
608
610
611
613
617
622
623
624
627
629
631
632
633
634
635
636
637
638
639
640
641
642
643
644
645
646
648
649
650
651
652
653
654
655
656
657
658
659
660
661
662
663
664
665
666
667
668
669
670
671
672
673
675
676
677
678
680
682
683
684
685
686
687
688
689
694
695
696
699
701
705
706
708
710
712
713
714
