440955
440956
440957
441024
441027
441054
441061
441150
441151
441155
441161
441168
441234
441239
441250
441272
441282
441376
441381
441457
441459
441476
441478
441495
441518
441525
441531
441549
441608
441631
441639
441669
441670
441864
441869
441925
441933
442038
442117
442184
442185
442186
442191
442194
442197
442213
442247
442319
442361
442425
442444
442572
442721
444882
445328
445347
445372
445571
445582
445815
448831
448834
448835
474170
474343
474344
474354
474381
474382
474383
474384
492307
492311
493753
493829
493856
493860
493861
493869
493901
493911
494115
494118
494119
494143
494188
494197
494470
494513
494551
497189
497190
497661
503497
503542
503582
503614
503618
503627
503834
503835
503841
504180
541468
541565
541578
548313
548593
548596
548645
550631
550643
552889
552891
552900
553115
554226
554235
554251
554313
574414
574537
594855
594857
606495
613037
613209
613210
613211
613212
613227
619189
619207
619208
619279
619373
641339
641371
641372
641517
641649
641654
641700
642273
642446
642475
642489
642515
642517
642574
642597
642623
642636
642658
642659
642778
642819
642843
642938
642968
642987
643008
643037
643136
643155
643161
643226
643236
643246
643311
643338
643376
643382
643394
643414
643418
643596
643641
643664
643669
643677
643680
643707
643803
643812
643834
643836
643847
643853
643866
643904
643965
643988
644041
644070
644096
644100
644139
644145
644150
644168
644186
644353
644414
644524
644538
644596
644672
644815
644844
644890
644943
644974
644994
645027
645104
645121
645142
645191
645369
645382
645414
645425
645426
645432
645545
645745
645811
645832
645864
645961
645974
646000
646019
646174
646262
646424
646457
646480
646486
646498
646567
646603
646625
646627
646643
646658
646754
646799
646817
646851
646862
646864
646892
646951
646960
646962
647024
647042
647060
647087
647166
647174
647219
647264
647286
647309
647310
647589
648791
649137
649238
651746
652968
652991
653061
653067
653082
653121
653140
653145
653149
653220
653247
653269
653275
653308
653319
653361
653423
653437
653499
653505
653509
653519
653567
653583
653604
653657
653689
653784
653808
653857
654231
654254
654346
654364
654429
654463
654483
654502
654790
692094
692312
723790
723961
727800
727830
727838
727851
727857
727866
727897
727910
727936
727940
727957
728047
728113
728116
728194
728215
728224
728229
728255
728269
728276
728294
728299
728310
728317
728318
728340
728358
728361
728378
728392
728430
728464
728489
728492
728537
728568
728586
728588
728591
728597
728621
728637
728642
728656
728661
728689
728741
728743
728763
728780
728819
728841
728858
728888
728927
728957
729020
729025
729059
729085
729092
729201
729230
729238
729250
729330
729359
729384
729438
729440
729475
729515
729528
729533
729597
729627
729665
729747
729767
729830
729852
729920
729956
729966
729967
729974
729978
729991
729993
730005
730051
730087
730094
730098
730112
730130
730159
730249
730291
731220
751071
752014
768206
768211
768239
780776
790955
100033411
100037417
100049587
100101267
100101467
100101490
100113407
100125288
100126572
100127206
100127983
100128071
100128327
100128569
100128731
100128908
100128927
100129053
100129098
100129128
100129216
100129239
100129250
100129271
100129278
100129361
100129480
100129515
100129520
100129528
100129543
100129583
100129654
100129669
100129792
100129842
100129924
100129969
100130086
100130274
100130301
100130302
100130311
100130348
100130361
100130519
100130520
100130613
100130705
100130733
100130742
100130771
100130827
100130933
100130958
100130988
100131017
100131137
100131187
100131211
100131244
100131303
100131378
100131390
100131439
