8339
8341
8343
8344
8345
8346
8347
8348
8349
8350
8351
8352
8354
8355
8356
8357
8358
8359
8360
8361
8362
8363
8364
8365
8366
8368
8369
8370
8372
8379
8382
8383
8386
8387
8388
8390
8392
8394
8395
8396
8398
8399
8402
8403
8404
8405
8406
8407
8408
8409
8411
8412
8416
8417
8419
8424
8425
8427
8428
8431
8433
8434
8435
8436
8437
8438
8439
8440
8443
8444
8445
8446
8447
8448
8449
8450
8451
8452
8453
8454
8455
8456
8458
8459
8460
8462
8463
8464
8467
8468
8470
8471
8473
8476
8477
8479
8480
8481
8482
8483
8484
8487
8490
8491
8492
8493
8495
8496
8497
8498
8499
8500
8501
8502
8503
8504
8505
8506
8507
8508
8509
8510
8513
8514
8515
8516
8517
8518
8519
8520
8521
8522
8525
8526
8527
8528
8530
8531
8532
8533
8534
8535
8536
8537
8538
8539
8540
8541
8542
8543
8544
8545
8546
8547
8548
8549
8550
8553
8554
8555
8556
8557
8558
8559
8560
8562
8563
8564
8565
8566
8567
8568
8569
8570
8572
8573
8574
8575
8576
8577
8578
8581
8590
8594
8600
8601
8602
8603
8604
8605
8607
8608
8609
8611
8612
8613
8614
8615
8618
8620
8621
8622
8623
8624
8625
8626
8629
8630
8631
8632
8633
8634
8635
8636
8637
8638
8639
8641
8642
8643
8644
8645
8646
8647
8648
8649
8650
8651
8653
8654
8655
8658
8659
8660
8661
8662
8663
8664
8665
8666
8667
8668
8669
8671
8672
8673
8674
8675
8676
8677
8678
8681
8682
8683
8685
8687
8688
8689
8690
8692
8693
8694
8697
8698
8701
8702
8703
8704
8705
8706
8707
8708
8710
8711
8712
8714
8715
8717
8718
8720
8721
8722
8723
8724
8725
8726
8727
8728
8729
8731
8732
8733
8735
8736
8737
8738
8739
8740
8741
8742
8743
8744
8745
8747
8748
8749
8751
8754
8756
8760
8761
8763
8764
8766
8767
8771
8772
8773
8774
8775
8776
8777
8778
8780
8784
8785
8786
8787
8788
8789
8790
8792
8793
8794
8795
8796
8797
8798
8799
8800
8801
8802
8803
8804
8805
8807
8808
8809
8811
8812
8813
8814
8815
8816
8817
8818
8819
8820
8821
8822
8823
8824
8825
8826
8828
8829
8831
8832
8833
8834
8835
8836
8837
8838
8839
8840
8841
8842
8844
8846
8848
8850
8851
8852
8853
8854
8856
8857
8858
8859
8861
8862
8863
8864
8867
8869
8870
8871
8872
8874
8875
8876
8877
8878
8879
8880
8881
8882
8883
8884
8886
8887
8888
8890
8891
8892
8893
8894
8895
8896
8897
8898
8899
8900
8904
8905
8906
8907
8908
8909
8910
8911
8912
8913
8914
8915
8916
8924
8925
8926
8927
8928
8929
8930
8932
8933
8934
8935
8936
8938
8939
8940
8941
8942
8943
8945
8969
8970
8971
8972
8973
8974
8975
8976
8985
8986
8987
8988
8989
8991
8992
8993
8994
8995
8996
8997
8999
9001
9002
9013
9014
9015
9016
9019
9020
9021
9022
9023
9024
