51706
51710
51714
51715
51719
51720
51725
51726
51727
51728
51729
51733
51734
51735
51738
51741
51742
51744
51747
51750
51751
51752
51754
51755
51759
51760
51761
51762
51763
51764
51765
51768
51773
51776
51778
51780
51802
51804
51805
51806
51807
51808
51809
51816
53335
53336
53339
53340
53342
53343
53344
53345
53346
53347
53349
53353
53354
53358
53371
53373
53405
53407
53615
53616
53630
53632
53635
53637
53820
53822
53826
53827
53828
53829
53831
53832
53833
53834
53836
53838
53840
53841
53842
53904
53905
53916
53917
53918
53919
53938
53940
53942
53944
53947
53981
54014
54020
54033
54039
54058
54059
54065
54069
54084
54093
54097
54101
54102
54103
54106
54107
54108
54112
54148
54149
54165
54187
54205
54206
54207
54209
54210
54212
54221
54328
54329
54331
54332
54344
54345
54346
54360
54361
54363
54386
54407
54413
54414
54429
54431
54432
54433
54434
54436
54437
54438
54439
54440
54442
54443
54453
54454
54455
54456
54457
54458
54460
54461
54462
54463
54464
54465
54467
54468
54469
54470
54471
54472
54474
54475
54476
54477
54478
54480
54482
54487
54491
54492
54494
54495
54496
54497
54498
54499
54502
54503
54504
54505
54507
54509
54510
54511
54512
54514
54516
54517
54518
54520
54521
54522
54529
54531
54532
54534
54535
54536
54537
54538
54539
54540
54541
54542
54543
54544
54545
54546
54549
54550
54551
54552
54554
54555
54556
54557
54558
54566
54567
54575
54576
54577
54578
54579
54583
54584
54585
54586
54587
54596
54602
54606
54617
54619
54620
54621
54622
54623
54625
54626
54627
54629
54658
54659
54662
54663
54664
54665
54674
54675
54676
54677
54680
54681
54682
54700
54704
54707
54708
54714
54715
54716
54726
54729
54732
54733
54734
54737
54738
54739
54741
54742
54749
54751
54752
54753
54754
54756
54757
54758
54760
54762
54763
54764
54765
54766
54768
54769
54776
54777
54778
54780
54784
54785
54788
54790
54793
54795
54796
54797
54798
54799
54800
54801
54802
54805
54806
54807
54808
54809
54810
54811
54812
54813
54814
54815
54816
54819
54820
54821
54822
54823
54825
54826
54827
54828
54829
54830
54831
54832
54834
54836
54838
54839
54840
54841
54842
54843
54845
54847
54848
54849
54850
54851
54852
54853
54854
54855
54856
54857
54858
54859
54860
54861
54862
54863
54865
54866
54867
54868
54869
54870
54872
54873
54874
54875
54876
54877
54878
54879
54880
54881
54882
54883
54884
54885
54886
54887
54888
54890
54891
54892
54893
54894
54896
54897
54898
54899
54900
54901
54902
54903
54904
54905
54906
54908
54910
54913
54914
54915
54916
54918
54919
54920
54921
54922
54923
54925
54926
54927
54928
54929
54930
54931
54932
54933
54934
54935
54936
54937
54938
54939
54940
54941
54942
54943
54946
54947
54948
54949
54951
54952
54953
54954
54955
54956
54957
54958
54959
54960
54961
54962
54963
54964
54965
54967
54968
54969
54970
54971
54972
54973
54974
54976
54977
54978
54979
54980
54981
54982
54984
54985
54986
54987
54988
54989
54991
54993
54994
54995
54996
54997
54998
55000
55001
55002
55003
55004
55005
55006
55007
